   3.3720000e+01
   3.5830000e+01
   3.5770000e+01
   3.5970000e+01
   3.4650000e+01
   3.4330000e+01
   3.3620000e+01
   3.2900000e+01
   3.2210000e+01
   3.0800000e+01
   3.1680000e+01
   3.2010000e+01
   3.1030000e+01
   3.1150000e+01
   3.0990000e+01
   3.1030000e+01
   3.0470000e+01
   3.0370000e+01
   3.0660000e+01
   3.0700000e+01
   3.1710000e+01
   3.1170000e+01
   3.0800000e+01
   3.1050000e+01
   3.0230000e+01
   3.0230000e+01
   3.0090000e+01
   2.9050000e+01
   2.9160000e+01
   2.9340000e+01
   2.9140000e+01
   2.8920000e+01
   2.8790000e+01
   2.8780000e+01
   2.8730000e+01
   2.8100000e+01
   2.8450000e+01
   3.0230000e+01
   3.0650000e+01
   2.9810000e+01
   3.0140000e+01
   2.9430000e+01
   3.0890000e+01
   3.0040000e+01
   3.0000000e+01
   3.0230000e+01
   3.0420000e+01
   3.0730000e+01
   3.1550000e+01
   3.1690000e+01
   3.2630000e+01
   3.2730000e+01
   3.3380000e+01
   3.3480000e+01
   3.3780000e+01
   3.4510000e+01
   3.3920000e+01
   3.2580000e+01
   3.2160000e+01
   3.2350000e+01
   3.2020000e+01
   3.2570000e+01
   3.2260000e+01
   3.2580000e+01
   3.3290000e+01
   3.3290000e+01
   3.3290000e+01
   3.3570000e+01
   3.3760000e+01
   3.4180000e+01
   3.5360000e+01
   3.5700000e+01
   3.5990000e+01
   3.6110000e+01
   3.8040000e+01
   3.8560000e+01
   3.8420000e+01
   3.7950000e+01
   3.7970000e+01
   3.7890000e+01
   3.7030000e+01
   3.7900000e+01
   3.7890000e+01
   3.7430000e+01
   3.7020000e+01
   3.7100000e+01
   3.6320000e+01
   3.5740000e+01
   3.5610000e+01
   3.5900000e+01
   3.6690000e+01
   3.6580000e+01
   3.5960000e+01
   3.5450000e+01
   3.5450000e+01
   3.5550000e+01
   3.4790000e+01
   3.5020000e+01
   3.4320000e+01
   3.5580000e+01
   3.5740000e+01
   3.5740000e+01
   3.5450000e+01
   3.5900000e+01
   3.5030000e+01
   3.5170000e+01
   3.5080000e+01
   3.5030000e+01
   3.5620000e+01
   3.5620000e+01
   3.7040000e+01
   3.7570000e+01
   3.7150000e+01
   3.6970000e+01
   3.7100000e+01
   3.7950000e+01
   3.8270000e+01
   3.8010000e+01
   3.7950000e+01
   3.8360000e+01
   3.7050000e+01
   3.8090000e+01
   3.8090000e+01
   3.7710000e+01
   3.7710000e+01
   3.7520000e+01
   3.7880000e+01
   3.7590000e+01
   3.8040000e+01
   3.8570000e+01
   3.9250000e+01
   4.0060000e+01
   4.0910000e+01
   4.0770000e+01
   4.1000000e+01
   4.0250000e+01
   4.0570000e+01
   4.0310000e+01
   4.0870000e+01
   3.9260000e+01
   3.9030000e+01
   3.9350000e+01
   3.8450000e+01
   3.7900000e+01
   3.7470000e+01
   3.7430000e+01
   3.7000000e+01
   3.7380000e+01
   3.7900000e+01
   3.7990000e+01
   3.7710000e+01
   3.8040000e+01
   3.8030000e+01
   3.8840000e+01
   3.8810000e+01
   3.8580000e+01
   3.9370000e+01
   3.8510000e+01
   3.8560000e+01
   4.0530000e+01
   4.0910000e+01
   4.0340000e+01
   3.9570000e+01
   3.9320000e+01
   3.9140000e+01
   3.9490000e+01
   3.9680000e+01
   3.9700000e+01
   4.0530000e+01
   3.9500000e+01
   3.9430000e+01
   3.9360000e+01
   3.8260000e+01
   3.8720000e+01
   3.8230000e+01
   3.9010000e+01
   3.8460000e+01
   3.7520000e+01
   3.7260000e+01
   3.7960000e+01
   3.8670000e+01
   3.8810000e+01
   3.8510000e+01
   3.8560000e+01
   3.7390000e+01
   3.7290000e+01
   3.7520000e+01
   3.7140000e+01
   3.6490000e+01
   3.6250000e+01
   3.4280000e+01
   3.4570000e+01
   3.4790000e+01
   3.5080000e+01
   3.5310000e+01
   3.5230000e+01
   3.5220000e+01
   3.6030000e+01
   3.6050000e+01
   3.5420000e+01
   3.4710000e+01
   3.4790000e+01
   3.5110000e+01
   3.4470000e+01
   3.4420000e+01
   3.4040000e+01
   3.3810000e+01
   3.4090000e+01
   3.3670000e+01
   3.3850000e+01
   3.5000000e+01
   3.5060000e+01
   3.5270000e+01
   3.5410000e+01
   3.6380000e+01
   3.6410000e+01
   3.6530000e+01
   3.6530000e+01
   3.6110000e+01
   3.6930000e+01
   3.7380000e+01
   3.7440000e+01
   3.7140000e+01
   3.7570000e+01
   3.7100000e+01
   3.6350000e+01
   3.7290000e+01
   3.8410000e+01
   3.7990000e+01
   3.9210000e+01
   3.8650000e+01
   3.8560000e+01
   3.7990000e+01
   3.7710000e+01
   3.8800000e+01
   3.9120000e+01
   3.9370000e+01
   3.9140000e+01
   3.9870000e+01
   3.9500000e+01
   4.0010000e+01
   3.9630000e+01
   3.9260000e+01
   3.9390000e+01
   3.8870000e+01
   3.8320000e+01
   3.8930000e+01
   3.9590000e+01
   4.1000000e+01
   4.3250000e+01
   4.2560000e+01
   4.2790000e+01
   4.2320000e+01
   4.2310000e+01
   4.2600000e+01
   4.2600000e+01
   4.2400000e+01
   4.3490000e+01
   4.3400000e+01
   4.4290000e+01
   4.4290000e+01
   4.2510000e+01
   4.1380000e+01
   4.0330000e+01
   4.1520000e+01
   4.3250000e+01
   4.4820000e+01
   4.3490000e+01
   4.1610000e+01
   4.1330000e+01
   4.2320000e+01
   4.3490000e+01
   4.2410000e+01
   4.2410000e+01
   4.1850000e+01
   4.1140000e+01
   4.1380000e+01
   3.9210000e+01
   3.9120000e+01
   3.8460000e+01
   3.8700000e+01
   3.7540000e+01
   3.7660000e+01
   3.9310000e+01
   4.0010000e+01
   3.8930000e+01
   3.7900000e+01
   4.0720000e+01
   4.1190000e+01
   4.1850000e+01
   4.0440000e+01
   4.1100000e+01
   3.8790000e+01
   4.0060000e+01
   4.1280000e+01
   4.1360000e+01
   4.0810000e+01
   4.1280000e+01
   4.1100000e+01
   4.0160000e+01
   4.0250000e+01
   4.0300000e+01
   4.1180000e+01
   4.0160000e+01
   4.0300000e+01
   3.9400000e+01
   3.9510000e+01
   3.8340000e+01
   3.8210000e+01
   3.9210000e+01
   3.8230000e+01
   3.8850000e+01
   3.9130000e+01
   3.9520000e+01
   4.2410000e+01
   4.3160000e+01
   4.2900000e+01
   4.2550000e+01
   4.2270000e+01
   4.1380000e+01
   4.1380000e+01
   4.1950000e+01
   4.3120000e+01
   4.4120000e+01
   4.4010000e+01
   4.3990000e+01
   4.4150000e+01
   4.4670000e+01
   4.2790000e+01
   4.1660000e+01
   4.1290000e+01
   4.2410000e+01
   4.1750000e+01
   4.2100000e+01
   4.1890000e+01
   4.1680000e+01
   4.1050000e+01
   4.0860000e+01
   4.0200000e+01
   4.0010000e+01
   4.0010000e+01
   4.0010000e+01
   4.1260000e+01
   4.1940000e+01
   4.1530000e+01
   4.3100000e+01
   4.3100000e+01
   4.1750000e+01
   4.1450000e+01
   4.2080000e+01
   4.1660000e+01
   4.1310000e+01
   4.1940000e+01
   4.0910000e+01
   4.0950000e+01
   4.0750000e+01
   4.0200000e+01
   4.0810000e+01
   4.0300000e+01
   4.0140000e+01
   4.0010000e+01
   3.9970000e+01
   4.0470000e+01
   4.0620000e+01
   3.9680000e+01
   3.9120000e+01
   3.9660000e+01
   3.9760000e+01
   3.8930000e+01
   3.9310000e+01
   3.9540000e+01
   3.9780000e+01
   3.9060000e+01
   3.9490000e+01
   3.8970000e+01
   3.9870000e+01
   3.9900000e+01
   3.9730000e+01
   3.9430000e+01
   3.8370000e+01
   3.7680000e+01
   3.7510000e+01
   3.7430000e+01
   3.6820000e+01
   3.6390000e+01
   3.6250000e+01
   3.6450000e+01
   3.6570000e+01
   3.7510000e+01
   3.7060000e+01
   3.8440000e+01
   3.8900000e+01
   3.9520000e+01
   3.9500000e+01
   3.8880000e+01
   3.9330000e+01
   3.9530000e+01
   3.9330000e+01
   4.0820000e+01
   4.0810000e+01
   3.9970000e+01
   4.0580000e+01
   4.0300000e+01
   4.0410000e+01
   4.1100000e+01
   4.0630000e+01
   4.1240000e+01
   4.2220000e+01
   4.2180000e+01
   4.1260000e+01
   4.2550000e+01
   4.2430000e+01
   4.2410000e+01
   4.2460000e+01
   4.2600000e+01
   4.2290000e+01
   4.2790000e+01
   4.2090000e+01
   4.1750000e+01
   4.2010000e+01
   4.3070000e+01
   4.3230000e+01
   4.3960000e+01
   4.3980000e+01
   4.3300000e+01
   4.3840000e+01
   4.4100000e+01
   4.4380000e+01
   4.4570000e+01
   4.4480000e+01
   4.5780000e+01
   4.5420000e+01
   4.4980000e+01
   4.4950000e+01
   4.4670000e+01
   4.3870000e+01
   4.3860000e+01
   4.4120000e+01
   4.4100000e+01
   4.3160000e+01
   4.1850000e+01
   4.1710000e+01
   4.1680000e+01
   4.1890000e+01
   4.1850000e+01
   4.1400000e+01
   4.0670000e+01
   4.0960000e+01
   3.9550000e+01
   3.8840000e+01
   4.1000000e+01
   4.0530000e+01
   3.9860000e+01
   3.9770000e+01
   3.9840000e+01
   3.9640000e+01
   4.0680000e+01
   4.0680000e+01
   4.1500000e+01
   4.2510000e+01
   4.3170000e+01
   4.2370000e+01
   4.2450000e+01
   4.2410000e+01
   4.1140000e+01
   4.2130000e+01
   4.2170000e+01
   4.2650000e+01
   4.3180000e+01
   4.5310000e+01
   4.4210000e+01
   4.4010000e+01
   4.4200000e+01
   4.4670000e+01
   4.5420000e+01
   4.6150000e+01
   4.6530000e+01
   4.8100000e+01
   4.8420000e+01
   4.7530000e+01
   4.8430000e+01
   4.8820000e+01
   4.8850000e+01
   4.8560000e+01
   4.7910000e+01
   4.6950000e+01
   4.6740000e+01
   4.8240000e+01
   4.8200000e+01
   4.6670000e+01
   4.6330000e+01
   4.5340000e+01
   4.6360000e+01
   4.5800000e+01
   4.5750000e+01
   4.6190000e+01
   4.6920000e+01
   4.8010000e+01
   4.8170000e+01
   4.7260000e+01
   4.7930000e+01
   4.7920000e+01
   4.9330000e+01
   5.0730000e+01
   5.0410000e+01
   5.2290000e+01
   5.1760000e+01
   4.9710000e+01
   4.9100000e+01
   4.9180000e+01
   4.9360000e+01
   5.0780000e+01
   5.1680000e+01
   5.1630000e+01
   5.0410000e+01
   5.0500000e+01
   5.0500000e+01
   5.0500000e+01
   5.1490000e+01
   5.2560000e+01
   5.2540000e+01
   5.2540000e+01
   5.3510000e+01
   5.2470000e+01
   5.0310000e+01
   5.0410000e+01
   5.0480000e+01
   4.8860000e+01
   4.7780000e+01
   4.8260000e+01
   4.8690000e+01
   4.9460000e+01
   4.8620000e+01
   4.8900000e+01
   4.8240000e+01
   4.7710000e+01
   4.7970000e+01
   4.8430000e+01
   4.8570000e+01
   4.8630000e+01
   4.9190000e+01
   4.9320000e+01
   4.9840000e+01
   5.0110000e+01
   4.9920000e+01
   4.9940000e+01
   4.9940000e+01
   4.9960000e+01
   4.9780000e+01
   4.9490000e+01
   4.9360000e+01
   4.9550000e+01
   4.9470000e+01
   4.9280000e+01
   4.9950000e+01
   5.0410000e+01
   5.1000000e+01
   5.0330000e+01
   5.0430000e+01
   5.0030000e+01
   4.8460000e+01
   4.9560000e+01
   4.9560000e+01
   4.9940000e+01
   4.9840000e+01
   4.9700000e+01
   4.9610000e+01
   4.9090000e+01
   4.9560000e+01
   4.9890000e+01
   4.9610000e+01
   4.9170000e+01
   4.8150000e+01
   4.6060000e+01
   4.7210000e+01
   4.6880000e+01
   4.5650000e+01
   4.6050000e+01
   4.4570000e+01
   4.3070000e+01
   4.3590000e+01
   4.4670000e+01
   4.7020000e+01
   4.6150000e+01
   4.6120000e+01
   4.5270000e+01
   4.4330000e+01
   4.3920000e+01
   4.3420000e+01
   4.3490000e+01
   4.2990000e+01
   4.4820000e+01
   4.5190000e+01
   4.5700000e+01
   4.6000000e+01
   4.6000000e+01
   4.6000000e+01
   4.6030000e+01
   4.6340000e+01
   4.6970000e+01
   4.6780000e+01
   4.5700000e+01
   4.6160000e+01
   4.5510000e+01
   4.6450000e+01
   4.5050000e+01
   4.4670000e+01
   4.4670000e+01
   4.3070000e+01
   4.2560000e+01
   4.3680000e+01
   4.3540000e+01
   4.4250000e+01
   4.4660000e+01
   4.4570000e+01
   4.4380000e+01
   4.4010000e+01
   4.3680000e+01
   4.4810000e+01
   4.4690000e+01
   4.4580000e+01
   4.5110000e+01
   4.5140000e+01
   4.4440000e+01
   4.4320000e+01
   4.4170000e+01
   4.4160000e+01
   4.3270000e+01
   4.3510000e+01
   4.3910000e+01
   4.4390000e+01
   4.4420000e+01
   4.3460000e+01
   4.3500000e+01
   4.4250000e+01
   4.4530000e+01
   4.4710000e+01
   4.3960000e+01
   4.4100000e+01
   4.4010000e+01
   4.3370000e+01
   4.3310000e+01
   4.3090000e+01
   4.2930000e+01
   4.1380000e+01
   4.0880000e+01
   4.0790000e+01
   4.0760000e+01
   4.1090000e+01
   4.2430000e+01
   4.3590000e+01
   4.3950000e+01
   4.3360000e+01
   4.3140000e+01
   4.2600000e+01
   4.1710000e+01
   4.1550000e+01
   4.1190000e+01
   4.0630000e+01
   4.1010000e+01
   4.1370000e+01
   4.1290000e+01
   4.1890000e+01
   4.1610000e+01
   4.2750000e+01
   4.2420000e+01
   4.2600000e+01
   4.2350000e+01
   4.1830000e+01
   4.2650000e+01
   4.3280000e+01
   4.3900000e+01
   4.4430000e+01
   4.4010000e+01
   4.2940000e+01
   4.2500000e+01
   4.2650000e+01
   4.2650000e+01
   3.5120000e+01
   3.4780000e+01
   3.3920000e+01
   3.3950000e+01
   3.4090000e+01
   3.2850000e+01
   3.0940000e+01
   3.1340000e+01
   3.2350000e+01
   3.3200000e+01
   3.2820000e+01
   3.2260000e+01
   3.2400000e+01
   3.3000000e+01
   3.3690000e+01
   3.3680000e+01
   3.3430000e+01
   3.3240000e+01
   3.4000000e+01
   3.4700000e+01
   3.3900000e+01
   3.3240000e+01
   3.2930000e+01
   3.2540000e+01
   3.1220000e+01
   3.0990000e+01
   3.0060000e+01
   2.8310000e+01
   2.9200000e+01
   2.8640000e+01
   2.7840000e+01
   2.5640000e+01
   2.4570000e+01
   2.7130000e+01
   2.7040000e+01
   2.7410000e+01
   2.8620000e+01
   2.9570000e+01
   2.8660000e+01
   2.9040000e+01
   2.9810000e+01
   3.0080000e+01
   3.0050000e+01
   3.0370000e+01
   3.1650000e+01
   3.2340000e+01
   3.2310000e+01
   3.4750000e+01
   3.3130000e+01
   3.2840000e+01
   3.2770000e+01
   3.3290000e+01
   3.2540000e+01
   3.2400000e+01
   3.3180000e+01
   3.3480000e+01
   3.1570000e+01
   3.1970000e+01
   3.1300000e+01
   3.0640000e+01
   3.1030000e+01
   3.1790000e+01
   3.1710000e+01
   3.2550000e+01
   3.2030000e+01
   3.3180000e+01
   3.3450000e+01
   3.2780000e+01
   3.2070000e+01
   3.2820000e+01
   3.2100000e+01
   3.2110000e+01
   3.4390000e+01
   3.6200000e+01
   3.5640000e+01
   3.5580000e+01
   3.5440000e+01
   3.5590000e+01
   3.4790000e+01
   3.4280000e+01
   3.3480000e+01
   3.3740000e+01
   3.4260000e+01
   3.4280000e+01
   3.3500000e+01
   3.4370000e+01
   3.5080000e+01
   3.4710000e+01
   3.4650000e+01
   3.4680000e+01
   3.3710000e+01
   3.3080000e+01
   3.2680000e+01
   3.3580000e+01
   3.3180000e+01
   3.2510000e+01
   3.2580000e+01
   3.2370000e+01
   3.2370000e+01
   3.2370000e+01
   3.2370000e+01
   3.3530000e+01
   3.3670000e+01
   3.3670000e+01
   3.3670000e+01
   3.4030000e+01
   3.5010000e+01
   3.5740000e+01
   3.5630000e+01
   3.6300000e+01
   3.6060000e+01
   3.5950000e+01
   3.4960000e+01
   3.3930000e+01
   3.3850000e+01
   3.3200000e+01
   3.3810000e+01
   3.3430000e+01
   3.3850000e+01
   3.3380000e+01
   3.4710000e+01
   3.5370000e+01
   3.5380000e+01
   3.5050000e+01
   3.4370000e+01
   3.4700000e+01
   3.4960000e+01
   3.5150000e+01
   3.4780000e+01
   3.4320000e+01
   3.3180000e+01
   3.2730000e+01
   3.2400000e+01
   3.2900000e+01
   3.2420000e+01
   3.2470000e+01
   3.2440000e+01
   3.1960000e+01
   3.1920000e+01
   3.1320000e+01
   3.1460000e+01
   3.2160000e+01
   3.2020000e+01
   3.2730000e+01
   3.2910000e+01
   3.3340000e+01
   3.4650000e+01
   3.5120000e+01
   3.5740000e+01
   3.5550000e+01
   3.5450000e+01
   3.5170000e+01
   3.6160000e+01
   3.6090000e+01
   3.6720000e+01
   3.7010000e+01
   3.7660000e+01
   3.8370000e+01
   3.7680000e+01
   3.8070000e+01
   3.7560000e+01
   3.7190000e+01
   3.6800000e+01
   3.7100000e+01
   3.6860000e+01
   3.6720000e+01
   3.6530000e+01
   3.6530000e+01
   3.6530000e+01
   3.7520000e+01
   3.7570000e+01
   3.6600000e+01
   3.6850000e+01
   3.6170000e+01
   3.6200000e+01
   3.6910000e+01
   3.6250000e+01
   3.7100000e+01
   3.7520000e+01
   3.7630000e+01
   3.7540000e+01
   3.7640000e+01
   3.7630000e+01
   3.7710000e+01
   3.6680000e+01
   3.6860000e+01
   3.5360000e+01
   3.4870000e+01
   3.3570000e+01
   3.4200000e+01
   3.4200000e+01
   3.4310000e+01
   3.3730000e+01
   3.3430000e+01
   3.4160000e+01
   3.4620000e+01
   3.4300000e+01
   3.3670000e+01
   3.4200000e+01
   3.4320000e+01
   3.4150000e+01
   3.4040000e+01
   3.3860000e+01
   3.3100000e+01
   3.3570000e+01
   3.3290000e+01
   3.3520000e+01
   3.3010000e+01
   3.3430000e+01
   3.3150000e+01
   3.3360000e+01
   3.2160000e+01
   3.2730000e+01
   3.2440000e+01
   3.1430000e+01
   3.1350000e+01
   3.1630000e+01
   3.2160000e+01
   3.1460000e+01
   3.1640000e+01
   3.0890000e+01
   3.0850000e+01
   2.9780000e+01
   3.1270000e+01
   3.0780000e+01
   3.0000000e+01
   2.9530000e+01
   3.0100000e+01
   2.9510000e+01
   2.9430000e+01
   2.9060000e+01
   2.9910000e+01
   3.0520000e+01
   3.0610000e+01
   2.9950000e+01
   2.8960000e+01
   2.9390000e+01
   3.1290000e+01
   3.0990000e+01
   3.0530000e+01
   2.9400000e+01
   2.9150000e+01
   2.8590000e+01
   2.7600000e+01
   2.7690000e+01
   2.8400000e+01
   2.8070000e+01
   2.6430000e+01
   2.5060000e+01
   2.3820000e+01
   2.3400000e+01
   2.2280000e+01
   2.3230000e+01
   2.5640000e+01
   2.5770000e+01
   2.3700000e+01
   2.2330000e+01
   2.2280000e+01
   2.0550000e+01
   2.1520000e+01
   2.0020000e+01
   2.2150000e+01
   2.3950000e+01
   2.2900000e+01
   2.2870000e+01
   2.1910000e+01
   2.2580000e+01
   2.2480000e+01
   2.3530000e+01
   2.2390000e+01
   2.2850000e+01
   2.3410000e+01
   2.3220000e+01
   2.3070000e+01
   2.3510000e+01
   2.2480000e+01
   2.2150000e+01
   2.2790000e+01
   2.1960000e+01
   2.0230000e+01
   2.0330000e+01
   2.0080000e+01
   2.0770000e+01
   2.0030000e+01
   2.0450000e+01
   2.0700000e+01
   2.0170000e+01
   1.9640000e+01
   2.0130000e+01
   2.0750000e+01
   1.9370000e+01
   1.8320000e+01
   1.8610000e+01
   1.7590000e+01
   1.7260000e+01
   1.7850000e+01
   1.8640000e+01
   1.8370000e+01
   1.6410000e+01
   1.7840000e+01
   1.8060000e+01
   1.8020000e+01
   1.7580000e+01
   1.7160000e+01
   1.6650000e+01
   1.6540000e+01
   1.7430000e+01
   1.8410000e+01
   1.7850000e+01
   1.9530000e+01
   1.9380000e+01
   2.0130000e+01
   2.0290000e+01
   1.9530000e+01
   1.8420000e+01
   1.7120000e+01
   1.7630000e+01
   1.7320000e+01
   1.7590000e+01
   1.7340000e+01
   1.8180000e+01
   1.8020000e+01
   1.7720000e+01
   1.8590000e+01
   1.8700000e+01
   1.9200000e+01
   1.8290000e+01
   1.8270000e+01
   1.8430000e+01
   1.9690000e+01
   1.9330000e+01
   2.0610000e+01
   2.1010000e+01
   2.1860000e+01
   2.1830000e+01
   2.1400000e+01
   2.1810000e+01
   2.2010000e+01
   2.1730000e+01
   2.0900000e+01
   2.2250000e+01
   2.1860000e+01
   2.1610000e+01
   2.2150000e+01
   2.1630000e+01
   2.1880000e+01
   2.0990000e+01
   2.1190000e+01
   2.0590000e+01
   2.1250000e+01
   2.1500000e+01
   2.1090000e+01
   2.0210000e+01
   2.1210000e+01
   2.0780000e+01
   2.0230000e+01
   1.9430000e+01
   2.0370000e+01
   1.9820000e+01
   1.9820000e+01
   1.9820000e+01
   1.9820000e+01
   1.8380000e+01
   1.9230000e+01
   1.9230000e+01
   1.9230000e+01
   2.0270000e+01
   2.0310000e+01
   2.1080000e+01
   2.0740000e+01
   2.0010000e+01
   1.9930000e+01
   1.9800000e+01
   1.9520000e+01
   1.9710000e+01
   1.9410000e+01
   1.9470000e+01
   1.8470000e+01
   1.8190000e+01
   1.7610000e+01
   1.6770000e+01
   1.7120000e+01
   1.6190000e+01
   1.5500000e+01
   1.5550000e+01
   1.5420000e+01
   1.5310000e+01
   1.5410000e+01
   1.5230000e+01
   1.4650000e+01
   1.4920000e+01
   1.4360000e+01
   1.4180000e+01
   1.4290000e+01
   1.4910000e+01
   1.4400000e+01
   1.4120000e+01
   1.4710000e+01
   1.5600000e+01
   1.5670000e+01
   1.4830000e+01
   1.4550000e+01
   1.4890000e+01
   1.3440000e+01
   1.1580000e+01
   1.0960000e+01
   1.1770000e+01
   1.1520000e+01
   1.1650000e+01
   1.1600000e+01
   1.1300000e+01
   1.1410000e+01
   1.1260000e+01
   1.0980000e+01
   1.0870000e+01
   9.9200000e+00
   1.0200000e+01
   9.7100000e+00
   9.6700000e+00
   1.3450000e+01
   1.2640000e+01
   1.2670000e+01
   1.3190000e+01
   1.2230000e+01
   1.2460000e+01
   1.2360000e+01
   1.2300000e+01
   1.2230000e+01
   1.1750000e+01
   1.1730000e+01
   1.2630000e+01
   1.2590000e+01
   1.3280000e+01
   1.3940000e+01
   1.3850000e+01
   1.3940000e+01
   1.3960000e+01
   1.4500000e+01
   1.5070000e+01
   1.5230000e+01
   1.4950000e+01
   1.5220000e+01
   1.5220000e+01
   1.5220000e+01
   1.5720000e+01
   1.5940000e+01
   1.5520000e+01
   1.5750000e+01
   1.5410000e+01
   1.4940000e+01
   1.5380000e+01
   1.5380000e+01
   1.5410000e+01
   1.5340000e+01
   1.5530000e+01
   1.6360000e+01
   1.6060000e+01
   1.6010000e+01
   1.6000000e+01
   1.5600000e+01
   1.6340000e+01
   1.7250000e+01
   1.7140000e+01
   1.6100000e+01
   1.6130000e+01
   1.5870000e+01
   1.6100000e+01
   1.5800000e+01
   1.5620000e+01
   1.5560000e+01
   1.6030000e+01
   1.5860000e+01
   1.6330000e+01
   1.7110000e+01
   1.6960000e+01
   1.7430000e+01
   1.7150000e+01
   1.7720000e+01
   1.7330000e+01
   1.7820000e+01
   1.8260000e+01
   1.8560000e+01
   1.7880000e+01
   1.8760000e+01
   1.9080000e+01
   1.9370000e+01
   1.9040000e+01
   1.8630000e+01
   1.9090000e+01
   1.8650000e+01
   1.8980000e+01
   1.9140000e+01
   1.9140000e+01
   1.8980000e+01
   1.8220000e+01
   1.8540000e+01
   1.8480000e+01
   1.8410000e+01
   1.9610000e+01
   1.9470000e+01
   1.9010000e+01
   1.8710000e+01
   1.8990000e+01
   1.9470000e+01
   1.9260000e+01
   1.8950000e+01
   1.8730000e+01
   1.8980000e+01
   1.8700000e+01
   1.8380000e+01
   1.8120000e+01
   1.8570000e+01
   1.8220000e+01
   1.8830000e+01
   1.8790000e+01
   1.9170000e+01
   1.9940000e+01
   1.9730000e+01
   1.9790000e+01
   2.0010000e+01
   1.8710000e+01
   1.7880000e+01
   1.7910000e+01
   1.8020000e+01
   1.8120000e+01
   1.7830000e+01
   1.8050000e+01
   1.8140000e+01
   1.8660000e+01
   1.8280000e+01
   1.8710000e+01
   1.8840000e+01
   1.8780000e+01
   1.8540000e+01
   1.8420000e+01
   1.8590000e+01
   1.8580000e+01
   1.8310000e+01
   1.8740000e+01
   1.8460000e+01
   1.9140000e+01
   1.9140000e+01
   1.8810000e+01
   1.9150000e+01
   1.9030000e+01
   1.8670000e+01
   1.8660000e+01
   1.8480000e+01
   1.8640000e+01
   1.8830000e+01
   1.8580000e+01
   1.9620000e+01
   1.9380000e+01
   1.8790000e+01
   1.8580000e+01
   1.7650000e+01
   1.7760000e+01
   1.8000000e+01
   1.7810000e+01
   1.7440000e+01
   1.7610000e+01
   1.6900000e+01
   1.7560000e+01
   1.7540000e+01
   1.7200000e+01
   1.7380000e+01
   1.7690000e+01
   1.7530000e+01
   1.8050000e+01
   1.8090000e+01
   1.8150000e+01
   1.8210000e+01
   1.8060000e+01
   1.8220000e+01
   1.8490000e+01
   1.7760000e+01
   1.8030000e+01
   1.7990000e+01
   1.8390000e+01
   1.8810000e+01
   1.8990000e+01
   1.9140000e+01
   1.9440000e+01
   1.9490000e+01
   1.9560000e+01
   1.9560000e+01
   1.9800000e+01
   2.1170000e+01
   2.0970000e+01
   2.1340000e+01
   2.0950000e+01
   2.1020000e+01
   2.1180000e+01
   2.0550000e+01
   2.0390000e+01
   2.0260000e+01
   2.0530000e+01
   2.0500000e+01
   2.1220000e+01
   2.1120000e+01
   2.1060000e+01
   2.1360000e+01
   2.1200000e+01
   2.1760000e+01
   2.1600000e+01
   2.2170000e+01
   2.1960000e+01
   2.1530000e+01
   2.1330000e+01
   2.1260000e+01
   2.0950000e+01
   2.0800000e+01
   2.0930000e+01
   2.1060000e+01
   2.1020000e+01
   2.1230000e+01
   2.1620000e+01
   2.1630000e+01
   2.1440000e+01
   2.1630000e+01
   2.1630000e+01
   2.1630000e+01
   2.1630000e+01
   2.1820000e+01
   2.1840000e+01
   2.1840000e+01
   2.1840000e+01
   2.2330000e+01
   2.2520000e+01
   2.2630000e+01
   2.2380000e+01
   2.2990000e+01
   2.2850000e+01
   2.2960000e+01
   2.2940000e+01
   2.3060000e+01
   2.3250000e+01
   2.3360000e+01
   2.3810000e+01
   2.3880000e+01
   2.3570000e+01
   2.3110000e+01
   2.3030000e+01
   2.2680000e+01
   2.2810000e+01
   2.3300000e+01
   2.2880000e+01
   2.2930000e+01
   2.2870000e+01
   2.2690000e+01
   2.2280000e+01
   2.2100000e+01
   2.1870000e+01
   2.2200000e+01
   2.2400000e+01
   2.2560000e+01
   2.2490000e+01
   2.2050000e+01
   2.2040000e+01
   2.2230000e+01
   2.1990000e+01
   2.2100000e+01
   2.1470000e+01
   2.1640000e+01
   2.1210000e+01
   2.1220000e+01
   2.1300000e+01
   2.1440000e+01
   2.1880000e+01
   2.2050000e+01
   2.2080000e+01
   2.2220000e+01
   2.2080000e+01
   2.2220000e+01
   2.2030000e+01
   2.1800000e+01
   2.0500000e+01
   2.0410000e+01
   1.9690000e+01
   1.9700000e+01
   2.0190000e+01
   1.9180000e+01
   1.8800000e+01
   1.8330000e+01
   1.8540000e+01
   1.8370000e+01
   1.8720000e+01
   1.8960000e+01
   1.9190000e+01
   1.9000000e+01
   1.8630000e+01
   1.8880000e+01
   1.9420000e+01
   1.9690000e+01
   1.9880000e+01
   2.0030000e+01
   1.9810000e+01
   1.9810000e+01
   1.9810000e+01
   2.0360000e+01
   2.0250000e+01
   2.0260000e+01
   2.0410000e+01
   2.0450000e+01
   2.0440000e+01
   2.0250000e+01
   2.0240000e+01
   2.0650000e+01
   2.0980000e+01
   2.1280000e+01
   2.0910000e+01
   2.1360000e+01
   2.1380000e+01
   2.0880000e+01
   2.0550000e+01
   2.1090000e+01
   2.0560000e+01
   2.0510000e+01
   1.9800000e+01
   1.9810000e+01
   1.9840000e+01
   2.0330000e+01
   2.0450000e+01
   2.0060000e+01
   2.0750000e+01
   2.1580000e+01
   2.1200000e+01
   2.0950000e+01
   2.1350000e+01
   2.1040000e+01
   2.1580000e+01
   2.2200000e+01
   2.1960000e+01
   2.2010000e+01
   2.1810000e+01
   2.2260000e+01
   2.2330000e+01
   2.2330000e+01
   2.2280000e+01
   2.2140000e+01
   2.1630000e+01
   2.1740000e+01
   2.1860000e+01
   2.1210000e+01
   2.1600000e+01
   2.1660000e+01
   2.1530000e+01
   2.1510000e+01
   2.1550000e+01
   2.1240000e+01
   2.1250000e+01
   2.2020000e+01
   2.2020000e+01
   2.2190000e+01
   2.2230000e+01
   2.2290000e+01
   2.2270000e+01
   2.2020000e+01
   2.1880000e+01
   2.1670000e+01
   2.1500000e+01
   2.1610000e+01
   2.1540000e+01
   2.1300000e+01
   2.1250000e+01
   2.1250000e+01
   2.0960000e+01
   2.0920000e+01
   2.0590000e+01
   2.0770000e+01
   2.1000000e+01
   2.0420000e+01
   2.0270000e+01
   2.0010000e+01
   2.0090000e+01
   2.0010000e+01
   2.0510000e+01
   2.0860000e+01
   2.0680000e+01
   2.0780000e+01
   2.0660000e+01
   2.0540000e+01
   1.9990000e+01
   1.9750000e+01
   1.9750000e+01
   1.9470000e+01
   1.9160000e+01
   1.8680000e+01
   1.8960000e+01
   1.8960000e+01
   1.9210000e+01
   1.9450000e+01
   1.9530000e+01
   1.9820000e+01
   1.9820000e+01
   1.9760000e+01
   2.0030000e+01
   2.0240000e+01
   2.0240000e+01
   1.9720000e+01
   1.9710000e+01
   1.9640000e+01
   1.9750000e+01
   2.0040000e+01
   2.0020000e+01
   1.9910000e+01
   1.9670000e+01
   1.9800000e+01
   2.0400000e+01
   2.0550000e+01
   2.0490000e+01
   2.0450000e+01
   2.0640000e+01
   2.0490000e+01
   2.0800000e+01
   2.0620000e+01
   2.0460000e+01
   2.0570000e+01
   2.0430000e+01
   2.0600000e+01
   2.0900000e+01
   2.0710000e+01
   2.1380000e+01
   2.1520000e+01
   2.1750000e+01
   2.1780000e+01
   2.1640000e+01
   2.1390000e+01
   2.1280000e+01
   2.1060000e+01
   2.1210000e+01
   2.0860000e+01
   2.0720000e+01
   2.0780000e+01
   2.1060000e+01
   2.0790000e+01
   2.0940000e+01
   2.1100000e+01
   2.0530000e+01
   2.0440000e+01
   2.0700000e+01
   2.0970000e+01
   2.0890000e+01
   2.1200000e+01
   2.1490000e+01
   2.1570000e+01
   2.1660000e+01
   2.1840000e+01
   2.1770000e+01
   2.1750000e+01
   2.1870000e+01
   2.2500000e+01
   2.2620000e+01
   2.2580000e+01
   2.2450000e+01
   2.2850000e+01
   2.2960000e+01
   2.2630000e+01
   2.2520000e+01
   2.2330000e+01
   2.2260000e+01
   2.2780000e+01
   2.2670000e+01
   2.2520000e+01
   2.2420000e+01
   2.2950000e+01
   2.3080000e+01
   2.2940000e+01
   2.3020000e+01
   2.3020000e+01
   2.3040000e+01
   2.2780000e+01
   2.2920000e+01
   2.3290000e+01
   2.3610000e+01
   2.3790000e+01
   2.3920000e+01
   2.3460000e+01
   2.3700000e+01
   2.3650000e+01
   2.3780000e+01
   2.3750000e+01
   2.3750000e+01
   2.3520000e+01
   2.3530000e+01
   2.3410000e+01
   2.3450000e+01
   2.3450000e+01
   2.3600000e+01
   2.3270000e+01
   2.2670000e+01
   2.2680000e+01
   2.2620000e+01
   2.2690000e+01
   2.2480000e+01
   2.2110000e+01
   2.2180000e+01
   2.2390000e+01
   2.2950000e+01
   2.3070000e+01
   2.3000000e+01
   2.2960000e+01
   2.3460000e+01
   2.3390000e+01
   2.3460000e+01
   2.3460000e+01
   2.3240000e+01
   2.3450000e+01
   2.4390000e+01
   2.4740000e+01
   2.4580000e+01
   2.4470000e+01
   2.5100000e+01
   2.5430000e+01
   2.5390000e+01
   2.5610000e+01
   2.6050000e+01
   2.6350000e+01
   2.6460000e+01
   2.6320000e+01
   2.6030000e+01
   2.6420000e+01
   2.6750000e+01
   2.6790000e+01
   2.6400000e+01
   2.6000000e+01
   2.6320000e+01
   2.6600000e+01
   2.6400000e+01
   2.6550000e+01
   2.6820000e+01
   2.6500000e+01
   2.6650000e+01
   2.6720000e+01
   2.6400000e+01
   2.5940000e+01
   2.5990000e+01
   2.6390000e+01
   2.6230000e+01
   2.5730000e+01
   2.5340000e+01
   2.5570000e+01
   2.5680000e+01
   2.5420000e+01
   2.5650000e+01
   2.5340000e+01
   2.5520000e+01
   2.5520000e+01
   2.5520000e+01
   2.5380000e+01
   2.5500000e+01
   2.5470000e+01
   2.5800000e+01
   2.5650000e+01
   2.5750000e+01
   2.6220000e+01
   2.6410000e+01
   2.6470000e+01
   2.6400000e+01
   2.6350000e+01
   2.6430000e+01
   2.6000000e+01
   2.5690000e+01
   2.4970000e+01
   2.5200000e+01
   2.4940000e+01
   2.4790000e+01
   2.4860000e+01
   2.4880000e+01
   2.5150000e+01
   2.4850000e+01
   2.4880000e+01
   2.5360000e+01
   2.5360000e+01
   2.5570000e+01
   2.5490000e+01
   2.5650000e+01
   2.6010000e+01
   2.6290000e+01
   2.6220000e+01
   2.6280000e+01
   2.6540000e+01
   2.6260000e+01
   2.5940000e+01
   2.5890000e+01
   2.6570000e+01
   2.6920000e+01
   2.7130000e+01
   2.7140000e+01
   2.7300000e+01
   2.7150000e+01
   2.7220000e+01
   2.7270000e+01
   2.7340000e+01
   2.7290000e+01
   2.7910000e+01
   2.7940000e+01
   2.7850000e+01
   2.7860000e+01
   2.8110000e+01
   2.7950000e+01
   2.8360000e+01
   2.8580000e+01
   2.8620000e+01
   2.8350000e+01
   2.8060000e+01
   2.8180000e+01
   2.8040000e+01
   2.8220000e+01
   2.8470000e+01
   2.8460000e+01
   2.8450000e+01
   2.7740000e+01
   2.7410000e+01
   2.7710000e+01
   2.7790000e+01
   2.7590000e+01
   2.7860000e+01
   2.7680000e+01
   2.7600000e+01
   2.7420000e+01
   2.6780000e+01
   2.7130000e+01
   2.7700000e+01
   2.7970000e+01
   2.8190000e+01
   2.8140000e+01
   2.8180000e+01
   2.8600000e+01
   2.8800000e+01
   2.9020000e+01
   2.9340000e+01
   2.9530000e+01
   2.9610000e+01
   2.9350000e+01
   2.9250000e+01
   2.9580000e+01
   2.9480000e+01
   2.9440000e+01
   2.9770000e+01
   3.0150000e+01
   3.0140000e+01
   2.9920000e+01
   3.0010000e+01
   3.0440000e+01
   3.0090000e+01
   2.9920000e+01
   2.9670000e+01
   2.9360000e+01
   2.8840000e+01
   2.8620000e+01
   2.8550000e+01
   2.8940000e+01
   2.9070000e+01
   2.9300000e+01
   2.9030000e+01
   2.8710000e+01
   2.8300000e+01
   2.8440000e+01
   2.8240000e+01
   2.8610000e+01
   2.8700000e+01
   2.9070000e+01
   2.9510000e+01
   2.9700000e+01
   3.0550000e+01
   3.0550000e+01
   3.0840000e+01
   3.0810000e+01
   2.9910000e+01
   3.0000000e+01
   2.9950000e+01
   3.0740000e+01
   3.0360000e+01
   3.0580000e+01
   2.9850000e+01
   2.9370000e+01
   2.9230000e+01
   3.0350000e+01
   2.9930000e+01
   3.0560000e+01
   3.0240000e+01
   3.0490000e+01
   3.0700000e+01
   3.1230000e+01
   3.0350000e+01
   3.0120000e+01
   3.0050000e+01
   3.0080000e+01
   3.0260000e+01
   2.9760000e+01
   2.9700000e+01
   2.9570000e+01
   2.9540000e+01
   2.9380000e+01
   2.8810000e+01
   2.8840000e+01
   2.8560000e+01
   2.9230000e+01
   2.8620000e+01
   2.8470000e+01
   2.7860000e+01
   2.8160000e+01
   2.8970000e+01
   2.8860000e+01
   2.8980000e+01
   2.9420000e+01
   2.9290000e+01
   2.9620000e+01
   2.9350000e+01
   3.0690000e+01
   3.0890000e+01
   3.1870000e+01
   3.2450000e+01
   3.2500000e+01
   3.2500000e+01
   3.2980000e+01
   3.3270000e+01
   3.3820000e+01
   3.3950000e+01
   3.3490000e+01
   3.3450000e+01
   3.3510000e+01
   3.3440000e+01
   3.3690000e+01
   3.3860000e+01
   3.4590000e+01
   3.5000000e+01
   3.4700000e+01
   3.4570000e+01
   3.4050000e+01
   3.4350000e+01
   3.4060000e+01
   3.3880000e+01
   3.3730000e+01
   3.4170000e+01
   3.4170000e+01
   3.4490000e+01
   3.4240000e+01
   3.4450000e+01
   3.5400000e+01
   3.5400000e+01
   3.5660000e+01
   3.5660000e+01
   3.5920000e+01
   3.5790000e+01
   3.5780000e+01
   3.5290000e+01
   3.5620000e+01
   3.6280000e+01
   3.6370000e+01
   3.6120000e+01
   3.6060000e+01
   3.6050000e+01
   3.5700000e+01
   3.5530000e+01
   3.5620000e+01
   3.5340000e+01
   3.5580000e+01
   3.5030000e+01
   3.4730000e+01
   3.4580000e+01
   3.4420000e+01
   3.4180000e+01
   3.4200000e+01
   3.4090000e+01
   3.3610000e+01
   3.4700000e+01
   3.4220000e+01
   3.4370000e+01
   3.4720000e+01
   3.3990000e+01
   3.3680000e+01
   3.3800000e+01
   3.3860000e+01
   3.3500000e+01
   3.4270000e+01
   3.4260000e+01
   3.4560000e+01
   3.4900000e+01
   3.4930000e+01
   3.5070000e+01
   3.4930000e+01
   3.4660000e+01
   3.4320000e+01
   3.4650000e+01
   3.4400000e+01
   3.4430000e+01
   3.4680000e+01
   3.3790000e+01
   3.4080000e+01
   3.4350000e+01
   3.3800000e+01
   3.2410000e+01
   3.2450000e+01
   3.1700000e+01
   3.2510000e+01
   3.2680000e+01
   3.3180000e+01
   3.3580000e+01
   3.3460000e+01
   3.2990000e+01
   3.3000000e+01
   3.3140000e+01
   3.2970000e+01
   3.3750000e+01
   3.4750000e+01
   3.5420000e+01
   3.4780000e+01
   3.4080000e+01
   3.2760000e+01
   3.3090000e+01
   3.3060000e+01
   3.3400000e+01
   3.3280000e+01
   3.3520000e+01
   3.3690000e+01
   3.3430000e+01
   3.3930000e+01
   3.3410000e+01
   3.3270000e+01
   3.3570000e+01
   3.3570000e+01
   3.3570000e+01
   3.3310000e+01
   3.3690000e+01
   3.4320000e+01
   3.5000000e+01
   3.5280000e+01
   3.5110000e+01
   3.5510000e+01
   3.6750000e+01
   3.6610000e+01
   3.6610000e+01
   3.5960000e+01
   3.5360000e+01
   3.5760000e+01
   3.5830000e+01
   3.5820000e+01
   3.6520000e+01
   3.6610000e+01
   3.6610000e+01
   3.6480000e+01
   3.5510000e+01
   3.5250000e+01
   3.4140000e+01
   3.4160000e+01
   3.3720000e+01
   3.3150000e+01
   3.4510000e+01
   3.3970000e+01
   3.5020000e+01
   3.6130000e+01
   3.5820000e+01
   3.5200000e+01
   3.5040000e+01
   3.4850000e+01
   3.4530000e+01
   3.4250000e+01
   3.4030000e+01
   3.4590000e+01
   3.3590000e+01
   3.3100000e+01
   3.2280000e+01
   3.0560000e+01
   3.2660000e+01
   3.3310000e+01
   3.3190000e+01
   3.2880000e+01
   3.2730000e+01
   3.3100000e+01
   3.3500000e+01
   3.3150000e+01
   3.3020000e+01
   3.2760000e+01
   3.3320000e+01
   3.4380000e+01
   3.5940000e+01
   3.6330000e+01
   3.6480000e+01
   3.5680000e+01
   3.5320000e+01
   3.6310000e+01
   3.6660000e+01
   3.6850000e+01
   3.7000000e+01
   3.6450000e+01
   3.5930000e+01
   3.5850000e+01
   3.6000000e+01
   3.7050000e+01
   3.7750000e+01
   3.7460000e+01
   3.8400000e+01
   3.8910000e+01
   3.8820000e+01
   3.8300000e+01
   3.9100000e+01
   3.8570000e+01
   3.7860000e+01
   3.8110000e+01
   3.7820000e+01
   3.8160000e+01
   3.7210000e+01
   3.7580000e+01
   3.8060000e+01
   3.8450000e+01
   3.8750000e+01
   3.9280000e+01
   4.0060000e+01
   3.9800000e+01
   3.9660000e+01
   3.9570000e+01
   3.9170000e+01
   3.9210000e+01
   3.9030000e+01
   3.9270000e+01
   3.9160000e+01
   3.9540000e+01
   3.9260000e+01
   3.8900000e+01
   3.8670000e+01
   3.8400000e+01
