   3.6690000e+01
   3.7730000e+01
   3.8670000e+01
   4.0470000e+01
   3.9970000e+01
   4.0670000e+01
   4.1130000e+01
   4.1170000e+01
   3.9670000e+01
   3.7700000e+01
   3.7200000e+01
   3.6970000e+01
   3.6400000e+01
   4.0700000e+01
   4.0550000e+01
   3.8530000e+01
   3.9730000e+01
   3.9270000e+01
   4.0070000e+01
   4.0870000e+01
   4.1670000e+01
   4.2670000e+01
   4.2400000e+01
   4.1670000e+01
   4.1000000e+01
   4.2190000e+01
   4.1510000e+01
   4.0200000e+01
   4.0330000e+01
   4.0530000e+01
   4.0670000e+01
   4.0200000e+01
   3.9930000e+01
   3.9770000e+01
   4.0970000e+01
   4.0500000e+01
   3.9070000e+01
   3.8770000e+01
   3.9470000e+01
   3.8070000e+01
   3.8000000e+01
   3.7070000e+01
   3.7000000e+01
   3.5570000e+01
   3.7770000e+01
   3.9570000e+01
   3.8470000e+01
   3.8930000e+01
   3.8130000e+01
   3.8180000e+01
   3.9300000e+01
   3.9330000e+01
   4.0390000e+01
   4.0860000e+01
   4.1400000e+01
   4.1620000e+01
   4.1670000e+01
   4.0530000e+01
   3.9410000e+01
   3.9670000e+01
   3.9570000e+01
   3.9760000e+01
   4.0230000e+01
   4.0830000e+01
   4.0400000e+01
   4.0400000e+01
   4.0400000e+01
   4.0800000e+01
   4.1500000e+01
   4.2220000e+01
   4.2070000e+01
   4.2090000e+01
   4.3150000e+01
   4.3000000e+01
   4.3020000e+01
   4.2870000e+01
   4.4920000e+01
   4.3470000e+01
   4.5330000e+01
   4.6670000e+01
   4.6600000e+01
   4.7330000e+01
   4.7130000e+01
   4.6370000e+01
   4.6450000e+01
   4.6470000e+01
   4.6830000e+01
   4.7890000e+01
   4.7280000e+01
   4.7830000e+01
   4.7730000e+01
   4.7600000e+01
   4.7970000e+01
   4.7100000e+01
   4.7100000e+01
   4.7730000e+01
   4.6630000e+01
   4.5610000e+01
   4.4830000e+01
   4.4070000e+01
   4.4410000e+01
   4.4410000e+01
   4.3300000e+01
   4.4370000e+01
   4.3600000e+01
   4.3010000e+01
   4.3330000e+01
   4.3470000e+01
   4.3460000e+01
   4.3460000e+01
   4.3300000e+01
   4.4800000e+01
   4.5650000e+01
   4.5570000e+01
   4.4530000e+01
   4.5830000e+01
   4.6130000e+01
   4.6130000e+01
   4.6890000e+01
   4.7630000e+01
   4.7530000e+01
   4.9550000e+01
   5.0130000e+01
   4.9330000e+01
   4.8780000e+01
   4.8930000e+01
   4.9870000e+01
   5.0270000e+01
   4.9990000e+01
   5.1250000e+01
   5.1870000e+01
   5.2500000e+01
   5.2740000e+01
   5.2670000e+01
   5.3310000e+01
   5.2800000e+01
   5.1830000e+01
   5.1690000e+01
   5.3590000e+01
   5.4070000e+01
   5.3870000e+01
   5.3670000e+01
   5.2400000e+01
   5.1860000e+01
   5.1800000e+01
   5.3730000e+01
   5.1730000e+01
   5.1870000e+01
   5.1400000e+01
   5.0330000e+01
   5.1100000e+01
   5.1870000e+01
   5.2000000e+01
   5.2900000e+01
   5.1730000e+01
   5.1670000e+01
   5.1670000e+01
   5.0470000e+01
   5.0670000e+01
   5.1470000e+01
   5.2070000e+01
   5.3030000e+01
   5.2830000e+01
   5.1720000e+01
   5.1520000e+01
   5.2010000e+01
   5.3030000e+01
   5.3400000e+01
   5.3830000e+01
   5.3570000e+01
   5.4330000e+01
   5.4150000e+01
   5.2410000e+01
   5.3130000e+01
   5.2000000e+01
   5.2730000e+01
   5.3230000e+01
   5.3670000e+01
   5.4530000e+01
   5.6320000e+01
   5.7530000e+01
   5.6330000e+01
   5.5600000e+01
   5.4930000e+01
   5.4210000e+01
   5.3470000e+01
   5.4770000e+01
   5.4910000e+01
   5.3670000e+01
   5.5170000e+01
   5.3130000e+01
   5.4130000e+01
   5.2840000e+01
   5.2330000e+01
   5.1600000e+01
   5.1610000e+01
   5.3130000e+01
   5.4330000e+01
   5.3550000e+01
   5.4190000e+01
   5.3970000e+01
   5.4390000e+01
   5.4290000e+01
   5.2800000e+01
   5.2130000e+01
   5.1800000e+01
   5.0650000e+01
   5.2000000e+01
   5.2570000e+01
   5.2770000e+01
   5.3850000e+01
   5.4260000e+01
   5.5300000e+01
   5.5870000e+01
   5.6500000e+01
   5.7030000e+01
   5.6900000e+01
   5.8300000e+01
   6.0130000e+01
   6.0450000e+01
   6.0500000e+01
   6.0670000e+01
   6.1670000e+01
   6.3200000e+01
   6.3870000e+01
   6.2930000e+01
   6.2670000e+01
   6.3200000e+01
   6.4370000e+01
   6.5730000e+01
   6.6120000e+01
   6.3330000e+01
   6.3970000e+01
   6.4430000e+01
   6.6370000e+01
   6.7530000e+01
   6.8100000e+01
   6.6600000e+01
   6.6200000e+01
   6.9340000e+01
   7.2870000e+01
   7.6470000e+01
   7.5390000e+01
   7.5270000e+01
   7.6250000e+01
   7.3330000e+01
   7.5270000e+01
   7.7230000e+01
   7.7870000e+01
   7.9330000e+01
   7.9670000e+01
   7.8070000e+01
   7.8510000e+01
   7.8470000e+01
   8.0490000e+01
   8.0490000e+01
   7.9800000e+01
   8.1870000e+01
   8.2670000e+01
   8.4670000e+01
   8.4670000e+01
   8.2330000e+01
   7.9010000e+01
   7.6330000e+01
   7.5400000e+01
   7.8430000e+01
   8.3100000e+01
   8.3670000e+01
   8.2790000e+01
   8.6000000e+01
   9.0470000e+01
   9.2470000e+01
   8.8670000e+01
   8.7500000e+01
   9.1620000e+01
   9.1330000e+01
   9.3770000e+01
   9.4670000e+01
   9.4670000e+01
   9.9930000e+01
   1.0073000e+02
   9.2740000e+01
   9.6100000e+01
   9.6200000e+01
   1.0151000e+02
   1.0767000e+02
   1.0867000e+02
   1.1400000e+02
   1.1973000e+02
   1.1533000e+02
   1.1433000e+02
   1.1761000e+02
   1.0834000e+02
   1.0847000e+02
   1.1027000e+02
   1.0669000e+02
   1.0867000e+02
   1.1007000e+02
   1.2040000e+02
   1.1966000e+02
   1.2533000e+02
   1.1940000e+02
   1.2293000e+02
   1.2487000e+02
   1.2767000e+02
   1.2702000e+02
   1.2400000e+02
   1.2200000e+02
   1.1759000e+02
   1.2167000e+02
   1.2433000e+02
   1.1407000e+02
   1.1387000e+02
   1.0206000e+02
   1.0167000e+02
   1.0666000e+02
   1.1683000e+02
   1.1333000e+02
   1.0553000e+02
   1.0551000e+02
   1.1020000e+02
   1.0667000e+02
   1.0460000e+02
   1.0283000e+02
   9.9000000e+01
   9.9990000e+01
   9.4670000e+01
   9.1700000e+01
   8.8990000e+01
   9.6700000e+01
   1.0000000e+02
   1.0193000e+02
   9.6760000e+01
   9.4370000e+01
   9.5830000e+01
   8.9800000e+01
   9.4340000e+01
   9.7300000e+01
   9.9900000e+01
   9.9900000e+01
   9.9900000e+01
   9.9900000e+01
   1.0107000e+02
   1.0400000e+02
   1.0107000e+02
   1.0867000e+02
   1.0867000e+02
   1.1300000e+02
   1.0873000e+02
   1.0930000e+02
   1.1333000e+02
   1.1129000e+02
   1.0712000e+02
   1.0169000e+02
   1.0233000e+02
   1.0300000e+02
   1.0264000e+02
   1.0571000e+02
   1.0139000e+02
   9.9920000e+01
   9.8330000e+01
   9.4730000e+01
   9.7800000e+01
   9.6670000e+01
   9.9170000e+01
   1.0013000e+02
   1.0400000e+02
   1.0371000e+02
   1.0481000e+02
   1.0933000e+02
   1.1287000e+02
   1.1133000e+02
   1.1097000e+02
   1.0897000e+02
   1.1027000e+02
   1.1067000e+02
   1.0800000e+02
   1.0934000e+02
   1.0933000e+02
   1.0780000e+02
   1.0467000e+02
   1.0617000e+02
   1.0860000e+02
   1.0677000e+02
   1.0553000e+02
   1.0620000e+02
   1.0667000e+02
   1.0577000e+02
   1.0467000e+02
   1.0308000e+02
   1.0533000e+02
   1.0866000e+02
   1.1200000e+02
   1.1141000e+02
   1.0840000e+02
   1.0833000e+02
   1.1067000e+02
   1.1087000e+02
   1.1661000e+02
   1.2000000e+02
   1.2000000e+02
   1.2100000e+02
   1.2000000e+02
   1.1733000e+02
   1.1867000e+02
   1.1667000e+02
   1.2047000e+02
   1.1867000e+02
   1.1507000e+02
   1.1170000e+02
   1.0827000e+02
   1.1133000e+02
   1.1217000e+02
   1.1060000e+02
   1.0567000e+02
   1.0521000e+02
   1.0833000e+02
   1.1083000e+02
   1.1300000e+02
   1.1227000e+02
   1.0947000e+02
   1.1033000e+02
   1.1017000e+02
   1.1000000e+02
   1.1060000e+02
   1.1328000e+02
   1.1614000e+02
   1.1673000e+02
   1.1547000e+02
   1.1587000e+02
   1.1767000e+02
   1.1850000e+02
   1.1933000e+02
   1.1757000e+02
   1.2033000e+02
   1.2367000e+02
   1.2613000e+02
   1.2533000e+02
   1.2199000e+02
   1.2311000e+02
   1.1817000e+02
   1.2038000e+02
   1.1957000e+02
   1.1699000e+02
   1.1867000e+02
   1.1993000e+02
   1.1667000e+02
   1.1441000e+02
   1.1067000e+02
   1.0580000e+02
   1.0167000e+02
   1.0567000e+02
   1.0446000e+02
   1.0297000e+02
   1.0097000e+02
   9.7330000e+01
   9.7600000e+01
   9.7600000e+01
   9.2670000e+01
   9.7870000e+01
   9.6600000e+01
   9.4330000e+01
   9.6410000e+01
   9.3600000e+01
   9.2930000e+01
   9.9330000e+01
   9.6370000e+01
   9.1000000e+01
   8.7170000e+01
   9.3330000e+01
   9.5570000e+01
   9.6000000e+01
   9.7530000e+01
   9.4970000e+01
   9.4700000e+01
   9.6210000e+01
   9.8270000e+01
   1.0003000e+02
   1.0113000e+02
   1.0221000e+02
   1.0333000e+02
   1.0259000e+02
   9.8800000e+01
   9.3870000e+01
   9.1010000e+01
   8.8990000e+01
   8.7000000e+01
   9.1130000e+01
   9.1970000e+01
   8.9130000e+01
   8.7770000e+01
   8.4330000e+01
   8.6150000e+01
   8.4930000e+01
   8.7970000e+01
   9.0730000e+01
   9.2390000e+01
   8.9710000e+01
   9.1340000e+01
   8.7130000e+01
   9.0800000e+01
   8.8600000e+01
   9.5000000e+01
   9.6840000e+01
   9.6670000e+01
   9.9770000e+01
   9.9670000e+01
   9.8870000e+01
   9.5200000e+01
   9.2800000e+01
   8.9990000e+01
   9.1130000e+01
   9.3100000e+01
   8.6660000e+01
   8.8070000e+01
   9.0870000e+01
   9.0870000e+01
   9.0870000e+01
   9.1670000e+01
   9.2870000e+01
   9.2800000e+01
   9.2800000e+01
   9.1070000e+01
   9.3770000e+01
   9.3200000e+01
   9.4530000e+01
   9.4150000e+01
   9.4670000e+01
   9.2010000e+01
   9.4600000e+01
   9.6530000e+01
   9.8330000e+01
   9.6930000e+01
   1.0107000e+02
   1.0140000e+02
   1.0407000e+02
   1.0320000e+02
   1.0377000e+02
   1.0473000e+02
   1.0577000e+02
   1.0300000e+02
   1.0253000e+02
   1.0087000e+02
   1.0353000e+02
   1.0186000e+02
   1.0160000e+02
   1.0047000e+02
   1.0073000e+02
   9.7470000e+01
   9.8600000e+01
   9.5370000e+01
   9.6000000e+01
   9.6660000e+01
   9.5330000e+01
   9.8670000e+01
   9.5070000e+01
   9.3800000e+01
   9.1050000e+01
   8.9000000e+01
   8.7800000e+01
   8.0670000e+01
   8.4770000e+01
   8.4530000e+01
   8.3570000e+01
   8.1670000e+01
   8.4070000e+01
   8.6630000e+01
   9.0130000e+01
   8.9370000e+01
   8.8400000e+01
   8.4000000e+01
   8.0000000e+01
   7.8500000e+01
   7.7000000e+01
   7.9380000e+01
   7.5330000e+01
   7.5400000e+01
   7.8130000e+01
   7.4400000e+01
   7.0270000e+01
   7.3350000e+01
   7.8330000e+01
   8.3330000e+01
   8.0000000e+01
   7.9400000e+01
   7.7070000e+01
   7.6490000e+01
   7.2230000e+01
   7.2530000e+01
   7.6770000e+01
   7.5910000e+01
   7.6270000e+01
   7.9730000e+01
   8.2670000e+01
   8.4000000e+01
   8.4000000e+01
   8.4000000e+01
   8.0000000e+01
   8.6070000e+01
   8.6870000e+01
   8.5020000e+01
   8.3280000e+01
   8.3550000e+01
   8.5020000e+01
   8.0730000e+01
   8.0070000e+01
   8.3220000e+01
   8.3220000e+01
   8.5300000e+01
   8.3380000e+01
   8.4300000e+01
   8.4600000e+01
   8.4120000e+01
   8.2600000e+01
   8.4600000e+01
   8.4520000e+01
   8.3070000e+01
   8.3060000e+01
   8.5300000e+01
   8.7600000e+01
   8.8000000e+01
   8.9950000e+01
   9.0700000e+01
   8.9970000e+01
   9.1150000e+01
   9.0380000e+01
   9.0050000e+01
   8.8310000e+01
   8.5400000e+01
   8.4720000e+01
   8.2780000e+01
   8.3450000e+01
   8.5380000e+01
   8.5100000e+01
   8.5400000e+01
   8.5450000e+01
   8.3710000e+01
   7.9830000e+01
   7.9950000e+01
   7.8620000e+01
   7.6250000e+01
   7.3340000e+01
   7.4600000e+01
   7.1450000e+01
   7.1990000e+01
   7.1540000e+01
   7.2600000e+01
   7.1770000e+01
   6.9440000e+01
   7.1650000e+01
   7.2500000e+01
   7.3120000e+01
   7.3280000e+01
   7.1350000e+01
   6.7940000e+01
   6.4040000e+01
   6.2000000e+01
   6.1320000e+01
   6.0500000e+01
   6.3700000e+01
   6.3800000e+01
   6.1000000e+01
   6.1670000e+01
   6.0100000e+01
   6.1760000e+01
   6.0350000e+01
   6.0900000e+01
   5.6550000e+01
   5.7410000e+01
   5.9940000e+01
   6.1600000e+01
   6.2550000e+01
   6.4350000e+01
   6.4500000e+01
   6.5400000e+01
   6.4050000e+01
   6.3400000e+01
   6.3250000e+01
   6.1780000e+01
   5.9550000e+01
   5.9000000e+01
   5.9900000e+01
   6.0210000e+01
   5.9590000e+01
   5.7100000e+01
   5.5020000e+01
   5.4300000e+01
   5.4500000e+01
   5.5490000e+01
   5.5600000e+01
   5.9580000e+01
   6.0010000e+01
   5.9300000e+01
   5.8650000e+01
   5.5310000e+01
   5.6060000e+01
   5.4240000e+01
   5.6900000e+01
   5.3000000e+01
   5.0950000e+01
   4.8350000e+01
   4.7710000e+01
   4.5050000e+01
   4.6000000e+01
   4.5880000e+01
   4.2620000e+01
   4.3350000e+01
   4.3260000e+01
   4.1010000e+01
   3.7500000e+01
   3.7650000e+01
   4.0200000e+01
   4.0190000e+01
   4.2000000e+01
   4.2500000e+01
   4.1890000e+01
   4.1400000e+01
   4.1400000e+01
   4.2660000e+01
   4.6200000e+01
   4.3200000e+01
   4.4250000e+01
   4.4760000e+01
   4.7500000e+01
   4.9700000e+01
   4.8150000e+01
   4.7700000e+01
   4.9690000e+01
   5.0990000e+01
   4.9990000e+01
   4.9300000e+01
   4.9840000e+01
   5.2220000e+01
   5.5190000e+01
   5.4490000e+01
   5.7330000e+01
   5.4850000e+01
   5.1900000e+01
   5.3830000e+01
   5.4400000e+01
   5.3490000e+01
   5.6240000e+01
   5.6260000e+01
   5.8090000e+01
   6.0400000e+01
   5.9340000e+01
   5.6380000e+01
   5.7800000e+01
   6.2140000e+01
   6.6500000e+01
   6.8000000e+01
   6.8300000e+01
   6.6660000e+01
   6.6280000e+01
   6.7460000e+01
   6.7800000e+01
   6.8500000e+01
   6.9000000e+01
   6.5550000e+01
   6.4600000e+01
   6.6000000e+01
   6.5740000e+01
   6.7010000e+01
   7.3650000e+01
   7.4050000e+01
   7.2100000e+01
   7.0100000e+01
   7.2250000e+01
   7.0800000e+01
   6.8500000e+01
   6.7410000e+01
   7.1850000e+01
   7.1250000e+01
   7.0420000e+01
   6.9000000e+01
   7.1750000e+01
   7.1750000e+01
   7.1750000e+01
   7.1750000e+01
   7.4250000e+01
   7.4350000e+01
   7.4350000e+01
   7.4350000e+01
   7.4150000e+01
   7.7900000e+01
   7.7750000e+01
   7.6200000e+01
   7.6700000e+01
   7.8520000e+01
   7.6280000e+01
   7.6000000e+01
   7.2660000e+01
   7.2940000e+01
   6.9250000e+01
   7.2950000e+01
   7.2350000e+01
   7.0490000e+01
   6.8960000e+01
   7.0640000e+01
   7.0850000e+01
   7.1100000e+01
   7.0950000e+01
   6.9300000e+01
   6.9700000e+01
   6.8550000e+01
   6.9280000e+01
   6.6700000e+01
   6.5750000e+01
   6.3610000e+01
   6.5550000e+01
   6.4340000e+01
   6.6980000e+01
   6.5450000e+01
   6.6150000e+01
   6.7100000e+01
   6.4990000e+01
   6.6000000e+01
   6.4310000e+01
   6.3200000e+01
   6.5000000e+01
   6.1820000e+01
   6.4210000e+01
   6.5600000e+01
   6.7560000e+01
   6.7700000e+01
   6.8900000e+01
   7.2450000e+01
   7.4000000e+01
   7.4840000e+01
   7.6100000e+01
   7.8120000e+01
   7.7270000e+01
   7.4950000e+01
   7.3400000e+01
   7.4150000e+01
   7.5790000e+01
   7.6700000e+01
   7.6420000e+01
   7.3800000e+01
   7.3250000e+01
   7.4850000e+01
   7.3600000e+01
   7.4400000e+01
   7.4400000e+01
   7.6000000e+01
   7.6000000e+01
   7.6000000e+01
   7.3300000e+01
   7.2310000e+01
   7.1400000e+01
   7.0920000e+01
   6.9410000e+01
   6.9650000e+01
   7.0700000e+01
   6.8210000e+01
   6.7200000e+01
   6.9100000e+01
   7.1500000e+01
   7.0460000e+01
   6.9000000e+01
   6.7880000e+01
   6.3860000e+01
   6.3760000e+01
   6.3600000e+01
   6.6310000e+01
   6.6190000e+01
   6.5800000e+01
   6.7510000e+01
   6.7510000e+01
   6.6550000e+01
   6.5090000e+01
   6.4000000e+01
   6.5050000e+01
   6.8640000e+01
   6.7400000e+01
   6.5530000e+01
   6.8000000e+01
   7.1000000e+01
   7.1980000e+01
   7.1050000e+01
   7.1710000e+01
   7.1350000e+01
   7.0800000e+01
   6.9250000e+01
   6.8250000e+01
   6.8880000e+01
   7.0050000e+01
   6.9500000e+01
   6.8190000e+01
   6.6300000e+01
   6.6000000e+01
   6.5620000e+01
   6.3700000e+01
   6.3760000e+01
   6.4380000e+01
   6.3200000e+01
   6.3260000e+01
   6.3140000e+01
   6.0860000e+01
   6.1510000e+01
   5.9390000e+01
   6.1840000e+01
   6.1150000e+01
   5.9000000e+01
   5.8680000e+01
   5.9790000e+01
   5.7810000e+01
   5.8480000e+01
   5.5260000e+01
   5.8700000e+01
   6.0780000e+01
   6.0500000e+01
   5.7440000e+01
   5.6100000e+01
   5.8550000e+01
   6.3000000e+01
   6.2500000e+01
   5.9320000e+01
   5.6500000e+01
   5.6700000e+01
   5.6750000e+01
   5.4530000e+01
   5.6000000e+01
   5.8900000e+01
   5.8600000e+01
   5.5500000e+01
   5.2600000e+01
   5.0100000e+01
   5.0500000e+01
   4.7650000e+01
   4.9000000e+01
   5.2750000e+01
   5.2290000e+01
   5.0500000e+01
   4.7880000e+01
   4.5050000e+01
   4.1650000e+01
   4.4890000e+01
   4.4300000e+01
   4.8550000e+01
   4.8850000e+01
   4.6650000e+01
   4.7980000e+01
   4.6800000e+01
   4.8090000e+01
   4.9150000e+01
   5.1200000e+01
   4.9760000e+01
   5.3000000e+01
   5.2740000e+01
   5.1450000e+01
   4.9410000e+01
   5.1250000e+01
   4.8300000e+01
   4.7590000e+01
   4.8060000e+01
   4.6350000e+01
   4.3200000e+01
   4.3300000e+01
   4.2800000e+01
   4.4840000e+01
   4.3950000e+01
   4.5140000e+01
   4.6800000e+01
   4.3810000e+01
   4.2780000e+01
   4.2530000e+01
   4.1370000e+01
   3.8470000e+01
   3.7050000e+01
   3.7250000e+01
   3.6310000e+01
   3.7500000e+01
   3.8320000e+01
   3.8000000e+01
   3.6360000e+01
   3.4000000e+01
   3.4820000e+01
   3.5280000e+01
   3.4160000e+01
   3.2720000e+01
   3.2120000e+01
   3.2050000e+01
   3.2420000e+01
   3.5000000e+01
   3.7530000e+01
   3.6880000e+01
   4.1000000e+01
   3.9480000e+01
   4.2130000e+01
   4.2150000e+01
   4.3250000e+01
   4.1980000e+01
   4.0000000e+01
   4.1770000e+01
   4.2980000e+01
   4.5020000e+01
   4.2480000e+01
   4.5290000e+01
   4.7790000e+01
   4.8300000e+01
   5.1350000e+01
   5.0100000e+01
   4.8450000e+01
   4.5850000e+01
   4.4980000e+01
   4.3190000e+01
   4.4630000e+01
   4.3900000e+01
   4.6400000e+01
   4.7660000e+01
   4.6780000e+01
   4.6530000e+01
   4.7410000e+01
   4.9700000e+01
   5.0190000e+01
   4.9950000e+01
   4.8340000e+01
   5.0350000e+01
   4.9890000e+01
   4.9370000e+01
   5.1370000e+01
   4.9510000e+01
   4.9200000e+01
   4.6570000e+01
   4.6490000e+01
   4.4300000e+01
   4.5350000e+01
   4.4880000e+01
   4.3800000e+01
   4.3560000e+01
   4.5200000e+01
   4.4250000e+01
   4.2400000e+01
   4.1580000e+01
   4.2020000e+01
   4.2140000e+01
   4.2140000e+01
   4.2140000e+01
   4.2140000e+01
   4.0000000e+01
   4.0500000e+01
   4.0500000e+01
   4.0500000e+01
   4.4300000e+01
   4.3250000e+01
   4.5040000e+01
   4.4600000e+01
   4.1780000e+01
   4.2560000e+01
   4.2290000e+01
   4.3100000e+01
   4.3770000e+01
   4.3260000e+01
   4.1770000e+01
   3.9110000e+01
   3.8980000e+01
   3.9390000e+01
   3.8320000e+01
   4.0190000e+01
   3.7210000e+01
   3.5570000e+01
   3.5800000e+01
   3.7050000e+01
   3.7250000e+01
   3.8150000e+01
   3.7590000e+01
   3.5660000e+01
   3.7300000e+01
   3.6000000e+01
   3.4830000e+01
   3.5040000e+01
   3.5420000e+01
   3.4310000e+01
   3.4660000e+01
   3.6520000e+01
   3.6700000e+01
   3.8250000e+01
   3.6490000e+01
   3.6080000e+01
   3.7100000e+01
   3.6150000e+01
   3.5150000e+01
   3.5470000e+01
   3.6470000e+01
   3.6780000e+01
   3.7380000e+01
   3.7110000e+01
   3.7150000e+01
   3.6200000e+01
   3.5950000e+01
   3.5050000e+01
   3.4200000e+01
   3.2550000e+01
   3.5370000e+01
   3.6360000e+01
   3.7890000e+01
   3.9400000e+01
   4.0280000e+01
   4.0120000e+01
   4.2150000e+01
   3.9880000e+01
   4.1350000e+01
   4.0970000e+01
   4.0860000e+01
   3.8940000e+01
   3.7800000e+01
   3.7800000e+01
   4.0080000e+01
   3.9530000e+01
   4.0670000e+01
   4.3300000e+01
   4.2930000e+01
   4.1420000e+01
   4.0860000e+01
   4.1400000e+01
   4.2350000e+01
   4.3100000e+01
   4.3030000e+01
   4.3920000e+01
   4.3920000e+01
   4.3920000e+01
   4.4480000e+01
   4.3740000e+01
   4.3600000e+01
   4.2820000e+01
   4.4920000e+01
   4.4360000e+01
   4.4670000e+01
   4.4670000e+01
   4.5010000e+01
   4.5340000e+01
   4.6150000e+01
   4.4940000e+01
   4.3250000e+01
   4.3990000e+01
   4.2900000e+01
   4.2180000e+01
   4.1790000e+01
   4.2290000e+01
   4.2030000e+01
   4.0290000e+01
   3.9660000e+01
   3.9450000e+01
   3.8850000e+01
   3.8670000e+01
   3.8690000e+01
   3.9540000e+01
   3.9840000e+01
   3.9290000e+01
   4.0300000e+01
   4.1250000e+01
   4.0860000e+01
   4.1770000e+01
   4.1750000e+01
   4.3370000e+01
   4.2430000e+01
   4.2990000e+01
   4.2620000e+01
   4.2720000e+01
   4.1960000e+01
   4.3000000e+01
   4.3310000e+01
   4.3760000e+01
   4.3470000e+01
   4.3500000e+01
   4.3110000e+01
   4.3210000e+01
   4.3160000e+01
   4.3350000e+01
   4.2900000e+01
   4.2720000e+01
   4.1350000e+01
   4.3100000e+01
   4.3490000e+01
   4.3720000e+01
   4.5700000e+01
   4.6600000e+01
   4.6250000e+01
   4.5250000e+01
   4.6150000e+01
   4.6720000e+01
   4.7200000e+01
   4.7600000e+01
   4.6810000e+01
   4.7410000e+01
   4.6420000e+01
   4.7370000e+01
   4.7350000e+01
   4.9100000e+01
   4.9000000e+01
   4.9630000e+01
   4.9700000e+01
   4.9520000e+01
   5.0300000e+01
   4.9650000e+01
   4.9500000e+01
   5.0150000e+01
   4.9700000e+01
   4.9180000e+01
   4.9490000e+01
   4.9530000e+01
   4.9960000e+01
   5.1500000e+01
   5.2760000e+01
   5.2500000e+01
   5.3680000e+01
   5.4720000e+01
   5.4610000e+01
   5.6080000e+01
   5.6640000e+01
   5.5370000e+01
   5.4250000e+01
   5.4720000e+01
   5.6070000e+01
   5.6400000e+01
   5.7850000e+01
   5.7360000e+01
   5.7870000e+01
   5.8320000e+01
   5.7150000e+01
   5.8090000e+01
   5.6630000e+01
   5.4930000e+01
   5.5640000e+01
   5.4600000e+01
   5.4610000e+01
   5.5870000e+01
   5.6270000e+01
   5.7300000e+01
   5.6500000e+01
   5.3770000e+01
   5.3100000e+01
   5.1850000e+01
   5.1670000e+01
   5.1950000e+01
   5.2200000e+01
   5.1140000e+01
   5.2440000e+01
   5.2020000e+01
   5.4450000e+01
   5.4330000e+01
   5.3900000e+01
   5.4100000e+01
   5.5720000e+01
   5.5460000e+01
   5.6550000e+01
   5.6420000e+01
   5.6850000e+01
   5.6750000e+01
   5.5850000e+01
   5.6680000e+01
   5.7190000e+01
   5.5400000e+01
   5.5000000e+01
   5.4150000e+01
   5.5260000e+01
   5.6470000e+01
   5.7280000e+01
   5.7750000e+01
   5.8000000e+01
   6.0000000e+01
   5.9970000e+01
   5.9670000e+01
   6.0220000e+01
   6.1400000e+01
   6.0690000e+01
   6.0780000e+01
   6.0740000e+01
   6.2370000e+01
   6.3020000e+01
   6.0270000e+01
   5.9560000e+01
   5.8880000e+01
   5.8550000e+01
   5.8810000e+01
   6.0770000e+01
   6.0870000e+01
   6.0150000e+01
   6.0750000e+01
   6.0860000e+01
   6.2800000e+01
   6.2780000e+01
   6.4850000e+01
   6.4050000e+01
   6.3350000e+01
   6.2550000e+01
   6.3540000e+01
   6.3420000e+01
   6.4000000e+01
   6.3570000e+01
   6.4240000e+01
   6.3840000e+01
   6.2350000e+01
   6.2300000e+01
   6.3260000e+01
   6.2400000e+01
   6.2410000e+01
   6.2410000e+01
   6.2410000e+01
   6.2410000e+01
   6.3480000e+01
   6.3500000e+01
   6.3500000e+01
   6.3500000e+01
   6.4000000e+01
   6.4000000e+01
   6.4490000e+01
   6.4800000e+01
   6.7570000e+01
   6.7550000e+01
   6.7150000e+01
   6.7350000e+01
   6.8300000e+01
   6.8150000e+01
   6.8220000e+01
   6.8020000e+01
   6.7560000e+01
   6.7180000e+01
   6.7880000e+01
   6.6230000e+01
   6.5630000e+01
   6.6110000e+01
   6.6510000e+01
   6.5550000e+01
   6.4990000e+01
   6.4750000e+01
   6.4970000e+01
   6.4200000e+01
   6.4020000e+01
   6.4500000e+01
   6.5780000e+01
   6.6800000e+01
   6.7830000e+01
   6.7690000e+01
   6.6500000e+01
   6.7040000e+01
   6.6940000e+01
   6.6350000e+01
   6.6510000e+01
   6.4730000e+01
   6.3790000e+01
   6.1920000e+01
   6.2750000e+01
   6.2960000e+01
   6.2050000e+01
   6.3020000e+01
   6.4390000e+01
   6.3310000e+01
   6.3890000e+01
   6.3850000e+01
   6.3650000e+01
   6.2870000e+01
   6.2120000e+01
   6.0500000e+01
   6.0720000e+01
   5.8830000e+01
   5.9080000e+01
   6.0510000e+01
   5.9560000e+01
   5.9100000e+01
   5.7780000e+01
   5.7410000e+01
   5.7300000e+01
   5.9250000e+01
   5.9550000e+01
   6.0610000e+01
   6.0750000e+01
   6.0070000e+01
   6.1100000e+01
   6.2500000e+01
   6.3260000e+01
   6.2200000e+01
   6.2250000e+01
   6.2550000e+01
   6.2550000e+01
   6.2550000e+01
   6.3370000e+01
   6.2250000e+01
   6.1580000e+01
   6.2250000e+01
   6.2190000e+01
   6.3100000e+01
   6.3020000e+01
   6.4030000e+01
   6.5050000e+01
   6.4980000e+01
   6.4710000e+01
   6.2000000e+01
   6.0800000e+01
   6.0250000e+01
   6.1500000e+01
   6.1500000e+01
   6.1460000e+01
   5.9260000e+01
   5.8980000e+01
   5.7390000e+01
   5.8160000e+01
   5.6510000e+01
   5.7000000e+01
   5.6040000e+01
   5.4950000e+01
   5.5900000e+01
   5.7520000e+01
   5.7050000e+01
   5.7100000e+01
   5.7940000e+01
   5.6920000e+01
   5.7750000e+01
   5.8290000e+01
   5.7640000e+01
   5.8050000e+01
   5.7110000e+01
   5.7540000e+01
   5.7690000e+01
   5.8370000e+01
   5.9790000e+01
   6.0030000e+01
   5.9250000e+01
   5.9210000e+01
   5.9300000e+01
   5.8140000e+01
   5.8380000e+01
   5.8130000e+01
   5.7560000e+01
   5.7520000e+01
   5.7080000e+01
   5.5530000e+01
   5.6510000e+01
   5.8100000e+01
   5.8200000e+01
   5.9010000e+01
   5.9000000e+01
   5.9110000e+01
   5.8600000e+01
   5.7670000e+01
   5.7640000e+01
   5.6870000e+01
   5.6820000e+01
   5.6770000e+01
   5.6390000e+01
   5.6100000e+01
   5.6680000e+01
   5.6760000e+01
   5.5440000e+01
   5.5410000e+01
   5.4880000e+01
   5.5330000e+01
   5.6500000e+01
   5.5250000e+01
   5.4990000e+01
   5.3950000e+01
   5.4900000e+01
   5.4650000e+01
   5.7510000e+01
   5.8310000e+01
   5.7750000e+01
   5.7900000e+01
   5.6970000e+01
   5.7020000e+01
   5.5520000e+01
   5.5000000e+01
   5.5400000e+01
   5.4850000e+01
   5.3880000e+01
   5.3400000e+01
   5.4460000e+01
   5.4300000e+01
   5.4610000e+01
   5.4750000e+01
   5.4990000e+01
   5.6070000e+01
   5.5750000e+01
   5.5950000e+01
   5.6400000e+01
   5.6840000e+01
   5.7040000e+01
   5.6230000e+01
   5.7420000e+01
   5.8030000e+01
   5.8600000e+01
   5.9050000e+01
   5.9280000e+01
   5.9350000e+01
   5.8900000e+01
   5.9800000e+01
   6.0950000e+01
   6.0800000e+01
   6.0360000e+01
   6.0280000e+01
   6.0630000e+01
   6.0830000e+01
   6.1060000e+01
   6.0400000e+01
   5.9660000e+01
   5.9600000e+01
   5.9050000e+01
   5.9040000e+01
   5.9690000e+01
   5.9210000e+01
   6.0400000e+01
   6.1080000e+01
   6.1620000e+01
   6.1690000e+01
   6.1850000e+01
   6.1260000e+01
   6.1350000e+01
   5.9690000e+01
   5.9700000e+01
   5.8910000e+01
   5.8700000e+01
   5.8690000e+01
   5.9690000e+01
   5.8410000e+01
   5.8810000e+01
   5.8860000e+01
   5.7500000e+01
   5.7600000e+01
   5.8450000e+01
   5.8910000e+01
   5.8350000e+01
   5.9150000e+01
   5.9610000e+01
   5.9800000e+01
   5.9890000e+01
   6.0600000e+01
   6.0800000e+01
   6.0440000e+01
   6.0550000e+01
   6.0300000e+01
   6.0790000e+01
   6.0710000e+01
   6.0270000e+01
   6.1550000e+01
   6.1350000e+01
   6.0750000e+01
   6.0580000e+01
   6.0690000e+01
   6.0560000e+01
   6.0830000e+01
   6.0610000e+01
   6.0710000e+01
   6.0250000e+01
   6.1520000e+01
   6.2090000e+01
   6.2440000e+01
   6.2130000e+01
   6.2350000e+01
   6.1990000e+01
   6.1200000e+01
   6.1640000e+01
   6.2210000e+01
   6.2500000e+01
   6.1990000e+01
   6.1990000e+01
   6.1350000e+01
   6.1530000e+01
   6.1850000e+01
   6.2050000e+01
   6.2130000e+01
   6.2130000e+01
   6.1990000e+01
   6.2540000e+01
   6.2240000e+01
   6.2380000e+01
   6.2380000e+01
   6.2950000e+01
   6.2600000e+01
   6.1690000e+01
   6.2270000e+01
   6.2590000e+01
   6.2530000e+01
   6.1880000e+01
   6.1400000e+01
   6.1080000e+01
   6.1000000e+01
   6.1580000e+01
   6.1980000e+01
   6.1950000e+01
   6.1580000e+01
   6.1020000e+01
   6.1120000e+01
   6.1850000e+01
   6.1800000e+01
   6.3600000e+01
   6.1400000e+01
   6.0840000e+01
   6.1350000e+01
   6.0820000e+01
   5.9610000e+01
   6.0180000e+01
   6.0700000e+01
   6.0400000e+01
   6.0540000e+01
   6.0530000e+01
   6.1400000e+01
   6.1200000e+01
   6.1220000e+01
   6.0780000e+01
   6.0170000e+01
   6.0010000e+01
   6.0220000e+01
   5.9630000e+01
   5.9490000e+01
   5.9080000e+01
   5.9690000e+01
   5.9230000e+01
   5.9950000e+01
   6.0750000e+01
   6.1000000e+01
   6.2270000e+01
   6.2300000e+01
   6.1860000e+01
   6.1950000e+01
   6.1860000e+01
   6.2120000e+01
   6.2100000e+01
   6.2370000e+01
   6.1190000e+01
   6.1380000e+01
   6.1180000e+01
   6.0850000e+01
   6.1000000e+01
   6.0990000e+01
   6.1400000e+01
   6.1400000e+01
   6.1400000e+01
   6.0970000e+01
   6.1400000e+01
   6.1050000e+01
   6.1250000e+01
   6.0770000e+01
   6.1150000e+01
   6.1050000e+01
   6.1240000e+01
   6.1960000e+01
   6.1990000e+01
   6.1660000e+01
   6.2350000e+01
   6.2400000e+01
   6.0720000e+01
   5.8800000e+01
   5.8500000e+01
   5.7930000e+01
   5.7910000e+01
   5.8550000e+01
   5.8670000e+01
   5.8180000e+01
   5.7070000e+01
   5.6800000e+01
   5.6630000e+01
   5.6820000e+01
   5.7240000e+01
   5.7260000e+01
   5.7640000e+01
   5.7480000e+01
   5.6890000e+01
   5.6270000e+01
   5.6200000e+01
   5.6710000e+01
   5.7320000e+01
   5.7000000e+01
   5.6810000e+01
   5.8100000e+01
   5.8830000e+01
   5.8750000e+01
   5.9000000e+01
   5.8700000e+01
   5.8600000e+01
   5.8760000e+01
   5.8850000e+01
   5.9350000e+01
   5.9350000e+01
   6.0410000e+01
   6.0800000e+01
   6.0470000e+01
   6.1210000e+01
   6.2600000e+01
   6.2440000e+01
   6.2280000e+01
   6.2430000e+01
   6.2750000e+01
   6.2520000e+01
   6.1640000e+01
   6.2110000e+01
   6.2490000e+01
   6.2140000e+01
   6.2220000e+01
   6.2230000e+01
   6.3200000e+01
   6.1870000e+01
   6.0800000e+01
   6.0650000e+01
   6.0910000e+01
   6.0340000e+01
   6.0790000e+01
   6.0880000e+01
   6.1140000e+01
   6.1330000e+01
   6.0280000e+01
   6.1650000e+01
   6.2360000e+01
   6.1950000e+01
   6.2320000e+01
   6.3080000e+01
   6.3880000e+01
   6.3520000e+01
   6.4280000e+01
   6.4400000e+01
   6.5740000e+01
   6.5750000e+01
   6.5920000e+01
   6.5800000e+01
   6.6180000e+01
   6.4350000e+01
   6.3650000e+01
   6.4050000e+01
   6.4230000e+01
   6.4000000e+01
   6.3090000e+01
   6.2620000e+01
   6.2950000e+01
   6.3870000e+01
   6.4530000e+01
   6.4080000e+01
   6.3920000e+01
   6.3620000e+01
   6.2720000e+01
   6.2650000e+01
   6.2040000e+01
   6.3200000e+01
   6.3400000e+01
   6.3190000e+01
   6.3150000e+01
   6.2000000e+01
   6.1130000e+01
   6.1500000e+01
   6.1290000e+01
   6.1540000e+01
   6.1800000e+01
   6.1640000e+01
   6.2530000e+01
   6.3500000e+01
   6.3150000e+01
   6.3240000e+01
   6.3990000e+01
   6.4250000e+01
   6.3360000e+01
   6.3180000e+01
   6.2910000e+01
   6.3900000e+01
   6.3700000e+01
   6.4230000e+01
   6.2900000e+01
   6.2010000e+01
   6.2100000e+01
   6.3640000e+01
   6.3000000e+01
   6.3930000e+01
   6.3540000e+01
   6.4100000e+01
   6.4580000e+01
   6.5150000e+01
   6.4050000e+01
   6.3650000e+01
   6.3410000e+01
   6.3220000e+01
   6.3260000e+01
   6.2610000e+01
   6.2420000e+01
   6.3190000e+01
   6.3240000e+01
   6.2890000e+01
   6.1500000e+01
   6.1450000e+01
   6.0850000e+01
   6.1360000e+01
   6.0790000e+01
   6.1050000e+01
   6.0080000e+01
   6.0540000e+01
   6.2060000e+01
   6.2130000e+01
   6.2580000e+01
   6.2870000e+01
   6.2140000e+01
   6.2200000e+01
   6.1990000e+01
   6.2020000e+01
   6.2330000e+01
   6.3300000e+01
   6.3260000e+01
   6.3700000e+01
   6.3920000e+01
   6.4230000e+01
   6.4990000e+01
   6.5220000e+01
   6.5100000e+01
   6.5400000e+01
   6.5050000e+01
   6.5010000e+01
   6.4790000e+01
   6.4900000e+01
   6.4340000e+01
   6.5230000e+01
   6.5510000e+01
   6.4990000e+01
   6.5840000e+01
   6.6470000e+01
   6.6870000e+01
   6.7800000e+01
   6.8660000e+01
   7.0050000e+01
   7.0180000e+01
   7.0200000e+01
   7.1600000e+01
   7.2200000e+01
   7.2100000e+01
   7.2210000e+01
   7.1240000e+01
   7.1940000e+01
   7.1940000e+01
   7.2660000e+01
   7.2780000e+01
   7.3780000e+01
   7.2400000e+01
   7.2940000e+01
   7.2920000e+01
   7.5350000e+01
   7.4790000e+01
   7.5140000e+01
   7.4720000e+01
   7.3220000e+01
   7.3800000e+01
   7.3500000e+01
   7.2170000e+01
   7.2050000e+01
   7.1280000e+01
   7.0850000e+01
   7.0750000e+01
   7.0000000e+01
   7.0550000e+01
   7.0230000e+01
   7.1340000e+01
   7.6000000e+01
   7.6260000e+01
   7.5620000e+01
   7.5060000e+01
   7.5400000e+01
   7.3960000e+01
   7.4070000e+01
   7.4530000e+01
   7.4590000e+01
   7.4320000e+01
   7.5950000e+01
   7.4160000e+01
   7.5000000e+01
   7.5150000e+01
   7.6020000e+01
   7.6650000e+01
   7.6800000e+01
   7.6260000e+01
   7.5970000e+01
   7.7750000e+01
   7.8570000e+01
   7.8100000e+01
   7.9250000e+01
   7.7000000e+01
   7.7690000e+01
   7.6250000e+01
   7.5240000e+01
   7.5640000e+01
   7.5320000e+01
   7.4440000e+01
   7.5990000e+01
   7.6410000e+01
   7.6330000e+01
   7.6300000e+01
   7.6370000e+01
   7.6750000e+01
   7.5980000e+01
   7.6380000e+01
   7.6230000e+01
   7.5700000e+01
   7.5360000e+01
   7.5270000e+01
   7.4720000e+01
   7.5170000e+01
   7.5910000e+01
   7.7290000e+01
   7.7040000e+01
   7.8250000e+01
   7.7200000e+01
   7.7300000e+01
   7.7760000e+01
   7.6750000e+01
   7.6960000e+01
   7.5070000e+01
   7.5040000e+01
   7.5040000e+01
   7.5040000e+01
   7.5040000e+01
   7.4500000e+01
   7.7210000e+01
   7.7350000e+01
   7.8110000e+01
   7.8510000e+01
   7.7960000e+01
   7.9770000e+01
   7.7340000e+01
   7.5000000e+01
   7.5000000e+01
   7.4600000e+01
   7.3620000e+01
   7.3730000e+01
   7.4950000e+01
   7.3950000e+01
   7.3410000e+01
   7.2610000e+01
   7.1400000e+01
   7.0760000e+01
   6.9980000e+01
   7.0090000e+01
   6.7250000e+01
   6.7800000e+01
   6.8560000e+01
   6.7040000e+01
   6.8500000e+01
   6.6450000e+01
   6.8000000e+01
   6.8460000e+01
   6.8200000e+01
   6.6350000e+01
   6.7120000e+01
   6.6990000e+01
   6.6530000e+01
   6.5230000e+01
   6.4030000e+01
   6.4660000e+01
   6.2640000e+01
   6.3650000e+01
   6.2260000e+01
   6.1600000e+01
   6.1370000e+01
   6.3160000e+01
   6.2810000e+01
   6.6990000e+01
   6.8320000e+01
   6.8500000e+01
   6.7980000e+01
   6.7900000e+01
   6.6790000e+01
   6.6300000e+01
   6.5950000e+01
   6.7500000e+01
   6.8030000e+01
   6.8470000e+01
   6.8570000e+01
   6.7360000e+01
   6.8120000e+01
   6.7470000e+01
   6.7700000e+01
   6.5600000e+01
   6.5930000e+01
   6.4300000e+01
   6.2510000e+01
   6.2780000e+01
   6.2720000e+01
   6.4280000e+01
   6.4430000e+01
   6.3150000e+01
   6.4100000e+01
   6.4000000e+01
   6.4500000e+01
   6.3340000e+01
   6.3040000e+01
   6.3110000e+01
   6.2390000e+01
   6.3450000e+01
   6.2680000e+01
   6.3400000e+01
   6.1900000e+01
   6.2050000e+01
   6.3110000e+01
   6.2440000e+01
   6.2480000e+01
   6.3480000e+01
   6.4790000e+01
   6.5580000e+01
   6.5990000e+01
   6.5830000e+01
   6.5700000e+01
   6.6190000e+01
   6.5610000e+01
   6.5830000e+01
   6.5540000e+01
   6.6100000e+01
   6.6020000e+01
   6.6630000e+01
   6.6180000e+01
   6.6560000e+01
