   1.0219934e-02
   8.0075793e-03
   1.8748541e-03
  -5.6351405e-03
  -4.2472928e-03
   9.6482688e-03
   1.0019890e-02
   2.5471821e-03
   6.6843628e-03
   1.8211293e-02
  -1.3544020e-03
  -2.0350488e-03
   9.6858511e-03
   2.0154525e-03
  -3.5858398e-03
  -6.0804151e-03
   2.9322227e-03
   1.2088797e-02
  -2.4507086e-03
  -8.2876496e-03
   1.1850334e-02
   3.5500370e-03
   8.8554356e-04
  -2.8808884e-03
   4.8704989e-03
   3.3072459e-03
   4.6118452e-03
  -1.9739013e-03
  -5.9451898e-03
   5.0666481e-03
  -7.2775710e-03
  -5.7713812e-03
   1.1949689e-02
   2.4167869e-03
  -5.5011691e-03
   1.1408636e-02
  -2.1838838e-03
   1.2168772e-02
  -8.8947327e-03
   1.3420115e-02
  -2.1503064e-04
  -1.5065106e-03
  -1.2931036e-03
   1.0298310e-02
  -1.2815038e-03
  -4.9277015e-03
  -7.1128654e-03
   4.9627893e-03
  -1.9390289e-03
  -9.9697401e-03
  -1.6249809e-02
   7.7186402e-03
  -7.0547030e-03
   7.7135369e-03
  -2.1956307e-04
   1.7551562e-03
   3.9378743e-03
  -5.9126418e-03
   6.5674492e-03
   8.0408996e-03
  -1.0828371e-03
  -6.5217622e-03
   3.7008859e-03
  -6.5210306e-04
  -5.6694439e-03
   9.7922663e-03
  -3.4707193e-03
   1.1021181e-02
  -4.7393454e-03
  -1.4135279e-02
   6.1135562e-03
   8.8850948e-03
  -4.7577944e-03
   4.3262019e-03
   3.2324131e-03
   0.0000000e+00
   0.0000000e+00
   0.0000000e+00
  -2.1516945e-04
   2.1516945e-04
  -7.7754171e-03
   2.1680217e-04
   1.9491073e-03
  -3.6848421e-03
  -8.9432377e-03
   2.1908205e-04
   0.0000000e+00
  -1.5345832e-03
   2.8480685e-03
   7.4106704e-03
   4.3337013e-03
  -4.3252596e-04
   3.0237604e-03
  -6.2736820e-03
  -4.3497241e-03
  -9.4164716e-03
  -3.5265631e-03
   2.1623645e-02
   1.9427961e-03
   9.4441569e-03
   4.4761878e-03
   1.1419029e-02
   3.1489477e-03
  -9.0536464e-03
  -3.1776322e-03
   0.0000000e+00
   7.6094216e-03
  -8.4584983e-03
  -3.4035344e-03
  -1.2435838e-02
   6.2372500e-03
  -2.7911988e-03
   0.0000000e+00
  -1.9369424e-03
   2.5817570e-03
  -5.3862028e-03
   7.3181558e-03
  -1.0563858e-02
   4.7567657e-03
  -5.1903231e-03
   0.0000000e+00
   1.5166290e-03
  -6.0803662e-03
   1.0884947e-03
  -3.2690451e-03
  -1.7478702e-03
  -9.2267790e-03
   2.4247780e-03
  -2.8662791e-03
   1.5444019e-03
  -4.6403796e-03
   1.1232361e-02
  -5.2701044e-03
  -6.4053228e-03
  -8.9027964e-03
   4.9063435e-03
  -4.6828049e-03
  -1.2822130e-02
   6.3191364e-03
   8.9948286e-04
   2.2474435e-04
  -1.7912280e-02
  -2.2441659e-02
   7.0167235e-04
  -9.1603694e-03
  -1.0436527e-02
  -2.1482285e-03
   3.8158882e-03
   4.7596384e-04
   1.7687055e-02
  -4.9209238e-03
  -4.0014176e-03
   5.4098685e-03
   9.3786642e-04
   1.1186320e-02
  -2.0879256e-03
  -3.7226660e-03
  -1.4557665e-02
  -1.0461341e-02
  -7.4367621e-03
   4.8146366e-04
   4.3227733e-03
  -4.7938639e-04
  -1.0847401e-02
  -5.1026717e-03
  -9.5460277e-03
   1.3193448e-02
  -3.3817859e-02
  -6.2964570e-03
   3.5308990e-03
   2.3143997e-02
   1.2292565e-03
   2.9440649e-03
  -1.0589928e-02
   2.2257954e-03
   2.0296576e-02
  -6.8010950e-03
   4.3774389e-03
  -1.9431631e-03
  -7.5656249e-03
   5.6186785e-03
   3.8901095e-03
   4.5305981e-02
  -1.7546362e-02
   8.4606850e-03
  -1.3192182e-02
   1.2021359e-02
  -2.7073608e-02
  -8.7041168e-03
  -1.4430971e-02
  -4.9395013e-03
  -1.4715317e-02
  -1.9280151e-02
   5.1098732e-03
  -7.4178624e-03
   5.8876402e-03
  -2.8115034e-03
  -5.5789262e-02
   1.6640212e-02
   2.1270947e-03
   3.1821825e-03
  -1.5206375e-02
  -1.0758473e-03
   2.1300060e-02
  -1.3793322e-02
   0.0000000e+00
   5.3404541e-04
   1.4838640e-02
   1.8243925e-02
  -5.1786755e-03
   4.1450837e-03
   1.4883518e-02
   4.8278584e-03
   1.5344283e-02
  -1.4837441e-02
  -1.1722866e-02
  -3.3380439e-03
  -6.9686693e-03
  -4.4127262e-03
  -9.9347222e-03
   1.1754086e-02
  -1.5592519e-03
   1.0349381e-02
   5.6468323e-03
   5.1177074e-04
   2.2262493e-02
  -1.2517213e-03
   1.2447261e-02
   2.4709674e-03
   0.0000000e+00
  -7.4312950e-03
   3.7225505e-03
  -2.1786263e-02
   6.8121873e-03
  -6.0529819e-03
   7.0582597e-03
   3.7608168e-03
   9.4645787e-03
   6.4245341e-03
  -9.4036823e-03
  -4.9738872e-04
  -5.7378229e-03
  -5.2677909e-03
  -3.5273405e-03
  -2.2741640e-03
  -8.6382651e-03
  -2.5549324e-03
   5.3578391e-03
  -7.6365029e-04
  -1.5290523e-03
  -5.6266133e-03
   1.0714388e-02
   1.1102814e-02
   7.5253986e-04
   2.5043840e-03
   0.0000000e+00
   0.0000000e+00
   1.3169528e-02
   3.9418627e-03
  -4.9297610e-03
   0.0000000e+00
   0.0000000e+00
  -1.7311739e-03
   7.8895873e-03
  -5.1705150e-03
  -1.0421931e-02
  -1.0279644e-02
  -4.2934780e-03
   1.0323647e-02
  -1.6161968e-02
   1.2648790e-02
   1.9664604e-02
   1.4923824e-02
  -1.4580805e-03
  -4.8649964e-04
   5.5805070e-03
   9.3920016e-03
  -1.5702702e-02
   2.1889830e-03
  -8.7848296e-03
   5.8651195e-03
  -1.4630581e-03
   8.0204586e-03
  -4.6099803e-03
   1.0162197e-02
   1.6837045e-03
   1.7863998e-02
   4.0051885e-03
  -2.5897601e-03
   5.1728307e-03
   1.1194147e-02
  -5.1151007e-03
   1.6643935e-02
  -1.3153530e-02
   6.2521913e-03
   1.1247680e-02
   2.5076954e-03
  -2.9643164e-03
  -1.8205365e-02
  -6.7670308e-03
   2.8057068e-03
   9.0645595e-03
   5.0773245e-03
   3.4470906e-03
  -8.7558163e-03
  -1.1578096e-03
  -5.3432582e-03
   8.1197523e-03
   8.2835264e-03
  -1.8348629e-03
  -9.9204874e-03
  -1.3774001e-02
   1.0057388e-02
  -3.7304776e-03
  -1.0095167e-02
   4.2382922e-03
  -3.7664828e-03
  -1.7126965e-02
   2.3963587e-03
   7.3924267e-03
  -7.1301251e-04
   1.4255170e-03
   4.7371003e-03
   1.1044643e-02
  -4.6849465e-03
  -4.2353004e-03
  -4.9639624e-03
   2.3693875e-04
   8.9623241e-03
  -7.3053229e-03
   3.5414982e-03
   0.0000000e+00
   0.0000000e+00
   7.7474269e-03
   7.0134427e-04
  -2.3372677e-04
   7.0101650e-04
   0.0000000e+00
  -4.4480935e-03
  -8.7192729e-03
   4.9581025e-03
  -1.3754070e-02
  -9.5970026e-03
   2.2204460e-16
  -1.4081320e-02
  -1.0322038e-02
   1.2344157e-03
   3.4482793e-03
  -9.1392510e-03
   4.2094899e-03
  -5.4509550e-03
  -2.4875635e-03
   4.9689543e-03
   7.4321817e-04
   1.0592537e-02
  -7.6251753e-03
  -5.6951992e-03
  -3.7318118e-03
  -3.4956340e-03
  -4.7637046e-03
   0.0000000e+00
  -2.5135101e-04
  -7.5700589e-03
   1.1584113e-02
  -2.5040691e-04
   8.4788538e-03
  -4.9788502e-03
   0.0000000e+00
   1.2470384e-03
   1.7432454e-03
   2.7332605e-03
   1.7354659e-03
   1.2064655e-02
  -2.4476808e-04
   7.3171058e-03
   0.0000000e+00
   4.6066271e-03
   2.6573273e-03
   4.8239268e-04
   9.6408781e-04
  -7.4961057e-03
   4.1177241e-03
   9.6223980e-03
   3.5846615e-03
  -3.8240964e-03
   2.8694424e-03
   3.5752630e-03
   1.1355693e-02
  -8.2674381e-03
  -1.4241635e-03
  -1.9020453e-03
  -2.3801024e-04
  -2.8605502e-03
   7.1360912e-03
   2.3194199e-02
   3.4148549e-02
  -4.0367850e-03
   6.0490831e-03
  -2.4600258e-03
   5.8048835e-03
  -5.5809945e-03
   7.5825519e-03
   1.1706373e-02
  -2.4183809e-03
  -1.3215861e-03
   1.1014430e-03
  -1.9834717e-03
   1.5975829e-02
  -8.5032672e-03
  -1.1008478e-02
  -7.7786813e-03
  -1.3395849e-03
  -7.3999665e-03
   1.1190806e-02
   3.7765234e-03
   3.3204236e-03
   5.5096558e-03
  -6.6152391e-03
  -6.6393717e-04
   1.4287527e-02
   5.4413019e-03
   4.3318240e-03
  -4.7660402e-03
   9.0791804e-03
   3.8659842e-03
   6.4288013e-04
  -1.9905460e-02
  -7.4578104e-03
   6.1457612e-03
  -2.1884232e-04
  -1.8332926e-02
   1.1745287e-02
   8.9922747e-03
   3.7049187e-03
   1.7387529e-03
   5.8460706e-03
  -5.6289389e-03
  -6.7531027e-03
  -1.7863525e-02
   4.4493883e-04
   4.4474095e-04
   1.5550375e-03
   1.1092625e-03
  -2.4420037e-03
  -8.2580538e-03
   4.2491398e-03
   6.8942784e-03
   1.5395070e-02
  -8.7336250e-04
  -1.5186822e-02
   1.5512468e-03
  -4.6609784e-03
   1.7203777e-02
   3.2747546e-03
  -2.1819777e-03
   1.0915840e-03
   3.4850830e-03
   1.0382962e-02
   1.7914747e-02
   1.3854126e-02
  -1.4603111e-03
   1.1623211e-02
   4.1262637e-04
  -2.0648366e-03
  -3.9349745e-03
   2.6940230e-03
   9.0647510e-03
   1.4345735e-03
   9.9848002e-03
  -7.5303093e-03
   8.1383969e-03
   1.2284919e-02
  -8.6441387e-03
  -4.6544656e-03
  -4.0650462e-03
   4.6733804e-03
   3.6422541e-03
   8.0759140e-04
   1.1238328e-02
   1.7944377e-03
  -1.2629215e-02
  -1.8528475e-02
  -2.0552872e-04
   1.9339025e-02
  -6.4725145e-03
   2.0290149e-04
  -1.1102230e-16
   8.4848994e-03
   9.2111184e-03
   0.0000000e+00
   4.9706833e-03
  -3.3773748e-03
  -2.6824236e-02
   8.1732739e-04
   5.9057294e-03
   1.1105616e-02
  -3.4194944e-03
   1.2082160e-03
  -1.2082160e-03
   1.3608375e-02
   3.9674720e-03
   1.2395633e-02
  -3.1335709e-03
   6.0624025e-03
   2.0456136e-02
  -2.2948949e-03
   5.9177418e-03
   1.9031307e-04
  -1.1290906e-02
   5.7570683e-03
   7.6248940e-03
   4.7362028e-03
   1.0528392e-02
  -9.3554128e-04
   1.6339019e-02
   1.0806956e-02
   0.0000000e+00
   2.1626361e-02
  -1.4727278e-02
   5.4264268e-04
   1.0254655e-02
   0.0000000e+00
   1.0150564e-02
  -1.2480105e-02
  -9.1917381e-03
   9.0489555e-04
  -2.3544338e-03
   7.2503175e-04
  -9.0637186e-04
  -2.8886196e-02
  -3.2441430e-02
   8.4485910e-03
  -1.5802988e-02
   1.3697523e-02
  -3.8328862e-04
  -1.8572792e-02
  -5.8754576e-03
   2.5023127e-02
  -1.1560822e-02
   1.8243425e-02
  -7.6409159e-03
   1.5790302e-02
   2.1289319e-02
   9.2344637e-04
  -2.0327088e-03
  -2.4151693e-02
   9.9934838e-03
  -1.6457385e-02
   5.7056070e-03
   1.5617967e-02
  -3.5537305e-03
  -3.3783816e-03
  -1.5051743e-03
   8.4372864e-03
   8.3666938e-03
   1.2328797e-02
  -8.4481678e-03
  -1.2994428e-02
   3.7362227e-04
   5.9590493e-03
  -2.1582897e-02
   1.7059998e-03
   1.9876897e-02
  -1.7606748e-02
  -8.5397615e-03
   1.2500163e-02
   1.4945169e-02
   2.2551144e-02
  -6.1829621e-03
  -5.4874840e-03
  -7.5485952e-03
  -8.5375426e-03
   2.9024815e-02
   7.5757938e-03
  -6.8518119e-03
   3.6179450e-04
  -8.5369695e-03
  -7.2992704e-04
   5.6430476e-03
   9.2149898e-03
  -1.1213719e-02
   7.2727276e-04
   1.1025869e-02
  -9.9359502e-03
  -6.7401658e-03
  -4.0293095e-03
   0.0000000e+00
   0.0000000e+00
   2.3935866e-02
   2.3266230e-03
   1.1905960e-02
  -7.0683869e-04
   9.3253073e-03
  -5.7960995e-03
   1.0563381e-03
  -2.6429405e-03
   7.0323778e-03
   6.1130223e-03
  -4.7124618e-03
  -2.8030852e-03
  -3.8671168e-03
   5.2696416e-03
  -1.0517091e-03
   1.5315301e-02
   5.6833013e-03
  -5.6833013e-03
   5.8550193e-03
   2.5722384e-03
  -5.6676837e-03
  -8.3016734e-03
   8.3016734e-03
  -8.8228234e-03
  -6.7997821e-03
   7.1472456e-03
   8.6813097e-04
   0.0000000e+00
   8.6737797e-04
   8.4607256e-03
   3.4381984e-04
  -9.4983876e-03
  -7.1397778e-03
  -5.0810447e-03
   0.0000000e+00
  -2.3639242e-02
  -2.6240573e-02
   6.4415425e-03
  -7.3651594e-03
  -1.8497970e-03
   7.7462578e-03
  -1.1827896e-02
   0.0000000e+00
   1.9514610e-02
   3.0945688e-03
  -1.3540921e-02
   6.0611812e-03
  -6.4297089e-03
   3.3118706e-03
  -3.3432939e-02
   2.0870893e-03
  -8.5657705e-03
  -1.2503770e-02
  -3.1019800e-03
  -2.0004589e-02
  -1.2759344e-02
   2.2811661e-02
   1.0146429e-02
  -1.0734952e-02
   3.9238768e-04
   6.4522660e-03
   7.5721166e-03
  -1.4024383e-02
   8.3993071e-03
   1.2564193e-02
  -1.2758727e-02
  -1.9457146e-04
   9.4897584e-03
  -6.1871814e-03
   7.1504798e-03
  -9.8694560e-03
  -2.5314004e-03
   4.2801622e-03
   1.3689600e-02
   1.3882509e-02
   1.0333582e-02
  -4.3083330e-03
   7.1081481e-03
   1.3698844e-02
  -2.7616698e-03
   8.8106297e-03
  -1.4727807e-02
   2.0379813e-03
   6.6408656e-03
   5.5141992e-04
   1.7306197e-02
  -1.6267514e-03
  -7.0799969e-03
   4.0000053e-03
  -1.9980027e-03
  -8.9490142e-03
   5.6709198e-03
  -3.8380747e-03
  -1.0862668e-02
  -2.2238704e-03
   7.3937490e-03
   9.7132625e-03
  -5.4864805e-03
  -3.3063954e-03
  -1.6136861e-02
   2.9873062e-03
   1.4903132e-03
   5.3838429e-03
   1.6344134e-02
   1.2310076e-02
  -3.9661130e-03
  -2.1699828e-03
  -9.2753234e-03
   2.0078495e-03
  -1.1001211e-02
  -1.8453594e-03
   2.9509428e-03
   3.4929717e-03
  -7.7376952e-03
  -2.4071857e-03
   9.2652652e-04
  -1.5868904e-02
   2.6310859e-03
  -1.5891367e-02
   3.0464608e-03
  -1.9388264e-02
  -9.6965003e-04
   3.8797285e-04
   1.4823642e-02
  -2.1439740e-02
   3.7026253e-03
   4.8510816e-03
  -3.4863206e-02
  -1.6048148e-03
   0.0000000e+00
  -4.8299551e-03
  -2.0791617e-02
   6.9786819e-03
   3.2673094e-03
   3.0320564e-02
   2.1716592e-02
  -6.0176829e-03
   1.2384059e-02
   2.6886899e-03
  -1.0410736e-02
  -9.9328891e-03
  -9.6372070e-03
  -1.6539183e-02
  -8.2720133e-03
   3.2362488e-03
  -1.4236563e-02
   7.3469718e-03
   3.2480743e-03
   2.1851125e-02
  -1.5876169e-03
   3.1727173e-03
  -1.5160873e-02
   2.8101183e-03
   3.2019239e-03
  -1.0645877e-02
   6.8424497e-03
   1.4139437e-02
  -7.9129579e-04
  -1.1144394e-02
   3.7950710e-03
   4.1778634e-03
   0.0000000e+00
  -1.2184311e-02
  -2.4144881e-03
  -2.0147074e-04
  -7.0771704e-03
  -1.4718172e-02
   1.2686890e-02
   2.4370443e-03
  -3.2507140e-03
  -4.4870563e-03
   1.1786359e-02
  -7.5028234e-03
  -3.0577947e-03
   8.7407813e-03
  -1.0170958e-02
  -3.2766771e-03
   8.2017638e-04
  -5.7554116e-03
  -1.0985705e-02
   1.0779541e-02
   9.4398403e-03
   1.6408755e-02
   1.3173843e-02
  -2.1836237e-03
   1.2638399e-02
   1.1317194e-02
   4.8388752e-03
  -4.4509024e-03
   0.0000000e+00
   4.0646528e-03
  -7.5618392e-03
  -8.7968508e-03
   1.3650758e-02
  -8.7540682e-03
  -1.1730207e-03
   3.9115979e-04
  -1.0022684e-02
   3.5488996e-03
  -1.1815677e-03
   2.3617409e-03
   2.3561762e-03
  -1.9613612e-04
   4.3061331e-03
   7.9759201e-03
  -4.8557928e-03
   7.7851308e-04
  -3.8918078e-04
  -1.0565545e-02
  -1.7660941e-02
   7.5788157e-03
   5.9429652e-03
   8.6529547e-03
   1.9561822e-03
  -1.9544611e-04
  -1.7607361e-03
   9.1609646e-03
  -3.3038607e-03
   1.5453273e-02
   1.3408679e-03
   1.9124121e-03
  -3.0616174e-03
   1.4648792e-02
   5.4619215e-03
  -9.3958477e-04
   2.6286159e-03
   7.8446424e-03
  -1.5184470e-02
   2.4526000e-03
  -6.9963413e-03
  -2.0894679e-03
  -2.2844099e-03
   6.4589890e-03
  -3.9844470e-03
  -2.8557849e-03
  -5.9279263e-03
   1.6736792e-02
  -4.7263534e-03
  -8.5641403e-03
  -1.4050852e-02
  -1.1306163e-02
  -5.3071378e-03
  -1.9101257e-02
   8.9991608e-03
  -1.6662034e-02
   2.1230519e-02
  -9.3579578e-03
   1.1535530e-02
  -1.9770988e-02
   3.6239218e-03
   1.4057639e-03
  -2.4110922e-03
  -2.0527090e-02
   7.5688200e-03
  -4.4934716e-03
  -6.9844162e-03
   3.0873751e-03
   2.0745100e-02
  -1.1947090e-02
   4.6743302e-03
   9.6853057e-03
   0.0000000e+00
   1.4046355e-03
   2.0032058e-03
   5.1896324e-03
   3.9808918e-04
   6.7433814e-03
  -1.3846308e-03
   0.0000000e+00
   0.0000000e+00
  -1.2147914e-02
  -7.6428369e-03
   4.8338463e-03
   1.7329385e-02
   1.7756737e-03
   1.5840754e-02
  -4.2776655e-03
  -1.1168922e-02
  -2.5648628e-03
   0.0000000e+00
   1.0611222e-02
  -2.7402640e-03
  -4.5182279e-03
  -9.0981640e-03
   1.0475439e-02
   5.0990501e-03
   6.4346522e-03
   1.0825546e-02
   1.0709607e-02
  -6.1057240e-03
   1.3388163e-03
  -1.3469513e-02
  -7.1935763e-03
  -9.0161332e-03
   1.9111346e-02
  -6.9781248e-03
   9.6787438e-03
   0.0000000e+00
  -1.9452082e-02
   3.7251293e-03
   3.5163154e-03
   6.6083817e-03
   1.0023214e-02
   2.6814803e-03
   0.0000000e+00
   6.8623983e-03
  -9.3521056e-03
  -1.1511897e-03
  -1.4502816e-02
   1.5270423e-02
  -1.9184652e-04
   2.1082902e-03
   0.0000000e+00
   1.9127779e-03
   1.4607108e-02
  -5.6657375e-03
   3.9693843e-03
   6.7682153e-03
  -8.8454515e-03
   7.5585793e-04
  -2.8374180e-03
  -1.3732812e-02
   3.2595178e-03
  -3.2595178e-03
   6.8899794e-03
   5.3262443e-03
   4.1650950e-03
  -1.5125736e-03
   2.5038677e-02
   9.9156156e-03
   8.7320911e-03
   2.7132150e-03
  -3.9819057e-03
  -9.0719411e-04
   7.0543840e-03
  -8.6894102e-03
   5.9820717e-03
  -7.0735762e-03
   4.9024156e-03
   1.8839707e-02
   1.7773038e-04
   2.4849143e-03
  -1.4191948e-03
  -1.0888104e-02
   1.2554929e-03
  -6.4736784e-03
   1.5395936e-02
  -8.5638347e-03
  -1.7934008e-03
   1.2557182e-03
  -4.6720660e-03
  -3.0666570e-03
   8.2764056e-03
  -1.2550427e-03
  -3.5945402e-03
   1.1457340e-02
   9.5660605e-03
   4.9243856e-03
   3.3277901e-03
   0.0000000e+00
  -7.3710407e-03
   3.6923119e-03
  -2.1082228e-03
   2.9853389e-03
  -8.2754236e-03
  -2.1238946e-03
   7.7656585e-03
  -5.2882196e-03
   3.5285852e-03
   6.4952392e-03
   1.7482522e-03
   1.7452011e-03
   4.0024416e-03
  -6.9492706e-04
  -4.0052296e-03
  -2.6207755e-03
   1.2344763e-02
  -3.6354234e-03
   1.0400417e-03
  -4.3406614e-03
   5.3796225e-03
  -7.4698515e-03
  -1.0340991e-02
  -2.8593799e-02
   1.8127436e-04
   6.5040880e-03
  -1.8722714e-02
  -3.4923296e-03
   9.8938147e-03
   3.6456435e-04
   0.0000000e+00
   9.7933318e-03
  -4.8846773e-03
  -7.4634004e-03
  -9.3621611e-03
  -5.1775264e-03
   8.1241215e-03
  -9.1987864e-04
   1.8780751e-02
  -5.4338116e-03
  -1.0903145e-03
   1.1209664e-02
  -6.3125830e-03
  -1.4763779e-02
  -9.0381506e-03
  -2.7831913e-03
   7.9578471e-03
   5.5284255e-04
  -7.9534314e-03
   1.4380779e-02
   6.0224655e-03
   1.0137668e-02
  -7.2072075e-04
  -1.1602741e-02
   1.0934938e-03
   3.0917548e-03
   1.9954655e-03
   5.4352751e-04
  -9.4632189e-03
   1.0368442e-02
  -1.9925738e-03
  -1.2700718e-03
   2.7196101e-03
  -9.0571512e-04
   3.9790250e-03
  -2.1684143e-03
  -3.6185996e-04
  -3.2626456e-03
   1.6326534e-03
   1.6538216e-02
  -8.9182205e-04
   3.7403196e-03
   3.7263817e-03
   2.4765624e-03
  -4.9592734e-03
  -1.5992895e-03
  -1.2456626e-03
  -3.5676099e-03
   2.8551054e-03
   1.4245017e-03
  -1.0681860e-03
   1.9574702e-03
   3.9034826e-03
   1.7692857e-03
  -8.5212658e-03
  -1.0702819e-03
   1.2944591e-02
   1.7602539e-03
   7.8830223e-03
   0.0000000e+00
   0.0000000e+00
   1.7447440e-04
  -4.8968269e-03
  -5.2733467e-03
   0.0000000e+00
   1.7817065e-02
   1.0505565e-02
   2.5665169e-03
  -5.6550575e-03
   7.3624166e-03
   9.6766734e-03
  -2.0294274e-03
  -6.7739207e-04
   1.7797649e-02
   5.6422320e-03
   8.2399939e-03
  -1.9714151e-03
   5.5756130e-03
   1.9604646e-03
  -4.4164626e-03
   4.4164626e-03
   2.1634683e-02
  -4.7927152e-04
   9.3837667e-03
  -5.0785699e-03
   8.3974192e-03
  -4.7344750e-04
   1.1043623e-03
  -1.7359746e-03
  -1.6563526e-02
   1.1813675e-02
   3.3272628e-03
  -1.1614163e-02
   8.2869000e-03
  -3.1746032e-04
   7.9346192e-04
  -9.7235165e-03
  -3.2041013e-04
  -2.2457501e-03
  -1.6026243e-02
  -7.6992763e-03
   6.8830164e-03
   6.5114995e-03
   1.3217472e-02
   6.4030737e-04
   4.4707084e-03
   1.4236242e-02
  -3.1461407e-03
  -9.4577561e-04
  -3.1545742e-04
  -6.0126763e-03
  -1.1115523e-03
   1.0431579e-02
  -4.8861316e-03
  -3.6406847e-03
  -3.3357191e-03
   2.0662806e-03
   7.4349785e-03
   1.3618431e-02
   1.0670479e-02
   3.9914084e-03
  -1.8402091e-03
  -3.0703101e-04
  -9.4100193e-03
   5.5641566e-03
  -2.6236607e-03
   4.6253551e-03
  -1.0359582e-02
  -3.4251941e-03
   2.0253960e-03
   1.8659623e-03
  -1.8659623e-03
   4.5034628e-03
   0.0000000e+00
   0.0000000e+00
   9.8674868e-03
   7.9462521e-03
  -5.0354879e-03
   3.3598077e-03
   7.5942042e-03
   1.2097385e-03
  -1.0177045e-02
   1.5266010e-04
   5.1766254e-03
   1.2975439e-02
   3.8898912e-03
  -7.1931975e-03
   1.8031560e-03
  -7.5091991e-04
  -1.5748357e-02
  -8.4298147e-03
   0.0000000e+00
  -1.0832666e-02
   5.5857399e-03
  -7.7393394e-04
   4.1721454e-03
  -4.1721454e-03
   5.2509773e-03
   6.1425255e-03
  -4.1420631e-03
   5.9774873e-03
   3.8130146e-03
   0.0000000e+00
   7.7337560e-03
  -3.0257209e-03
   1.0999885e-02
  -2.9976019e-04
   8.9901115e-04
   3.5879841e-03
   0.0000000e+00
   3.7238443e-03
  -3.4254259e-03
  -2.9881988e-03
  -2.2470236e-03
   4.9368041e-03
   3.8725101e-03
  -2.2323099e-03
   1.3399838e-03
  -1.1372261e-02
   8.0935694e-03
   4.4682827e-03
   8.9126566e-04
   9.4577327e-03
  -6.0485543e-03
   5.0184607e-03
  -7.3643129e-04
  -1.9172633e-03
  -5.3286094e-03
   4.2947123e-03
   7.3616351e-03
   4.2450477e-03
  -4.2450477e-03
  -1.3290213e-02
   5.7807913e-03
   2.2145133e-03
  -4.7302379e-03
  -3.2650667e-03
   6.0763433e-03
   8.8613209e-04
  -9.0458094e-03
  -2.0876834e-03
   2.0876834e-03
  -1.3799529e-02
  -2.7223247e-03
   4.5423576e-04
  -2.8404458e-02
   1.1766663e-02
  -4.4735902e-03
  -1.0256500e-02
  -7.6832993e-03
   9.8677283e-03
  -1.4284836e-02
   1.5797792e-03
   1.8924466e-03
   9.4488196e-04
  -3.4689407e-03
   7.8666233e-03
  -9.4073384e-04
   1.3400014e-02
  -2.0140994e-03
  -1.8627761e-03
   4.9597126e-03
   4.7813772e-03
  -2.0023110e-03
  -5.1008689e-03
   5.4091779e-03
   4.6228524e-04
   4.6111364e-03
   7.1816337e-03
  -5.9555799e-03
   4.5938290e-04
  -4.2958029e-03
   1.3742772e-02
   8.0054804e-03
  -3.1643212e-03
   6.0186760e-03
  -7.5290222e-03
  -8.8052793e-03
  -3.0543701e-03
   2.5968089e-03
  -2.1380582e-03
  -1.5289351e-04
   7.4644265e-03
   0.0000000e+00
  -1.2148825e-03
   3.9429836e-03
   1.5134317e-04
   7.2376673e-03
   5.8422756e-03
   7.1439506e-03
  -2.6730043e-03
  -2.6801684e-03
   1.4908684e-04
   3.8684768e-03
   2.9695620e-04
   6.9532050e-03
   7.4906717e-03
   4.5258855e-03
  -1.1660109e-03
  -3.7989526e-03
  -2.6385240e-03
   1.4281793e-02
   0.0000000e+00
   1.5933733e-02
  -6.5723911e-03
  -2.2962123e-03
  -8.3682497e-03
   4.3456219e-04
   3.7583161e-03
   3.0252850e-03
   8.5935791e-03
  -5.2906394e-03
   3.4349540e-03
  -1.8591353e-03
   4.1425672e-03
  -6.7224740e-03
  -1.3291152e-02
  -3.7884352e-03
   5.5321149e-03
   2.1753326e-03
  -8.1454996e-03
  -3.6579161e-03
   1.4647725e-03
   4.3901369e-04
   1.1697618e-03
   1.7527790e-02
  -2.7367065e-02
   3.5356548e-03
  -5.1603506e-03
  -2.2197567e-03
   7.3801073e-03
  -2.0609458e-03
  -4.1346781e-03
   1.0158350e-02
  -1.5202123e-02
   8.5888282e-03
  -1.0226099e-02
  -8.9418784e-04
   4.0175636e-03
   9.7532914e-03
   1.0241494e-02
   7.2753732e-04
   2.0586634e-02
   1.0066010e-02
   5.4864033e-03
   3.6908623e-02
  -1.5121874e-02
  -2.6115058e-03
  -2.3252005e-02
   1.9943482e-02
   1.3986242e-02
  -3.0975928e-02
  -1.4054816e-03
  -2.0748222e-02
   3.5834626e-03
  -6.8916281e-03
   5.6030604e-03
   2.8649191e-04
   3.8596288e-03
  -9.9921499e-04
   0.0000000e+00
   0.0000000e+00
   0.0000000e+00
   1.0654267e-02
   1.3892036e-02
   0.0000000e+00
   0.0000000e+00
  -1.9418086e-02
   1.3267661e-02
  -9.8197385e-04
  -8.0321717e-03
   1.5164570e-02
   8.6028004e-03
  -6.7928451e-03
   1.2716135e-02
   1.3776389e-02
  -4.2082462e-03
  -2.5880284e-03
   5.4540498e-04
  -3.2769008e-03
   1.7763208e-03
   7.8869052e-03
   2.7085591e-04
  -2.3565962e-02
   6.7703195e-03
   8.6378819e-03
  -3.5558024e-03
   1.7794817e-03
   5.7275487e-03
   1.5650616e-02
  -2.6777347e-04
   2.5906815e-02
   1.1029762e-02
   7.7131119e-03
   8.5432461e-03
   1.0231884e-02
   1.2613342e-02
   6.6790601e-03
  -7.0514302e-03
   1.2338219e-02
  -1.1469571e-02
   1.1157256e-03
  -3.9726930e-03
  -2.4909715e-03
  -9.7745139e-03
   1.3135862e-02
   2.8544853e-03
   8.1461818e-03
  -2.5847759e-03
  -7.5462720e-03
   2.8884642e-02
   3.3722783e-03
   4.9175511e-03
   1.7552633e-02
   9.4776349e-03
  -5.8397737e-03
  -1.5344966e-02
  -4.7590721e-04
   7.7055683e-03
  -2.2692960e-02
  -2.5200110e-02
   2.7217634e-03
  -2.2742452e-02
   8.4324960e-03
   9.1074175e-03
   2.5625138e-02
   3.2512539e-02
  -6.3477350e-03
   0.0000000e+00
   0.0000000e+00
  -3.3820228e-02
  -1.9336769e-02
  -1.8671817e-03
   4.9714246e-03
   3.8905952e-02
   2.0251362e-03
   2.3522195e-02
  -4.6603836e-03
  -1.5535207e-02
  -6.7837213e-03
   1.7754047e-02
   2.3460411e-04
   3.5124729e-03
   3.9659448e-03
  -4.0828287e-03
   6.8728793e-03
  -8.2765525e-03
   1.1058840e-02
  -1.1761417e-02
   5.9562220e-03
   1.9830025e-02
  -7.9078975e-03
   0.0000000e+00
   1.5073941e-02
   2.7830799e-02
  -7.6348919e-03
  -1.0046970e-02
   0.0000000e+00
   6.2633020e-03
  -7.8077077e-04
  -9.8677634e-03
   6.7590405e-04
  -1.8985394e-02
  -2.6432240e-03
   0.0000000e+00
  -1.8466351e-02
   1.7314941e-02
  -4.8504541e-03
   2.4698260e-02
   1.9129170e-02
   2.2158210e-04
  -2.1046338e-02
   3.2755437e-03
  -1.9586142e-02
   9.8410223e-03
   1.2222877e-02
   5.6227159e-04
   6.1642112e-03
  -1.1179431e-03
  -8.9888246e-03
  -1.1579196e-02
  -2.9731297e-03
   1.3197006e-02
   6.3091692e-03
  -3.0369519e-03
  -5.4219042e-03
   1.3388286e-02
   1.0339744e-02
  -1.4389288e-03
  -2.4398371e-03
   1.3126878e-02
   3.5007147e-03
  -5.6949009e-03
  -1.4288072e-03
  -1.1727095e-02
   2.2012775e-02
   1.9298750e-02
   1.7570308e-02
  -8.7465651e-03
   7.4867224e-03
   8.8898771e-03
   3.9488776e-03
  -2.5961903e-03
   1.6398037e-02
   1.4824111e-02
  -2.6238788e-03
   1.4247256e-02
   3.3814055e-03
  -1.8842009e-02
  -1.6423075e-02
   2.4785423e-02
   1.2958714e-02
   1.7811206e-03
   2.8939517e-02
   1.9968335e-02
  -1.8720554e-02
   9.9265872e-03
  -1.9952700e-02
  -1.0421326e-02
  -9.9376033e-03
  -1.1872961e-03
   9.5571938e-03
   1.8555931e-02
  -1.6107470e-02
  -8.8075555e-04
   1.2067099e-02
  -3.5343542e-02
  -2.3728552e-02
  -4.2126933e-02
   4.6983535e-03
   3.7223325e-02
   2.5936010e-02
  -1.7453154e-02
  -3.0797102e-02
  -1.0126669e-02
  -1.8188155e-02
  -9.9827218e-03
  -1.5163459e-02
  -3.7714964e-03
   2.5998283e-02
   4.0323765e-02
  -2.6772257e-02
  -4.2739610e-04
   1.1749000e-03
   2.1333579e-02
   1.8791111e-03
  -2.2465745e-02
  -3.2853825e-02
  -2.2969011e-02
   2.6160561e-02
   3.3919865e-02
  -1.0248835e-02
   6.8442145e-03
   4.6783711e-03
   2.8960259e-02
  -1.7533912e-03
   1.6788192e-02
  -4.5785296e-03
  -1.4287175e-03
  -1.3365060e-02
   1.1013441e-02
   2.2070141e-02
  -2.4060162e-03
   0.0000000e+00
  -3.5191832e-03
   1.1073641e-03
  -1.1536254e-02
  -1.8594197e-02
   4.0358103e-03
   1.1500281e-02
  -7.0693394e-03
  -9.7118234e-03
  -7.8170183e-03
  -2.1469811e-02
   2.6690882e-03
   1.9637455e-02
  -9.5593984e-03
  -3.8300723e-02
  -2.6356264e-03
  -3.3658905e-02
  -3.9316248e-02
   2.3613020e-02
  -1.1035716e-02
  -3.9794060e-03
   2.0315285e-02
  -1.2604966e-02
   6.2645216e-03
  -6.1481546e-03
  -3.8187968e-02
  -9.9624199e-03
   7.7840335e-03
  -1.0718738e-02
  -7.4980377e-03
   1.9721441e-03
   3.3540283e-02
   1.7937701e-02
   6.2959285e-03
   1.8311101e-02
   5.0085477e-03
  -2.8914069e-02
  -4.9209238e-03
   2.3333812e-02
   1.5823655e-02
  -2.1482285e-03
   3.5579072e-02
  -1.7492078e-03
  -4.2765568e-03
   1.5592095e-02
   6.7928451e-03
  -7.1174678e-03
  -1.2304832e-02
  -2.6647519e-02
  -4.4405731e-02
   5.3965405e-03
  -1.3072082e-02
   1.7391743e-02
  -1.7489656e-03
  -6.0868735e-03
  -2.7255481e-02
   1.3542061e-02
   1.6878536e-02
   0.0000000e+00
   0.0000000e+00
   0.0000000e+00
   4.8544905e-02
  -2.0089292e-03
   0.0000000e+00
   0.0000000e+00
   5.5729869e-02
   1.3747003e-02
  -3.1442806e-02
  -1.0161151e-02
  -1.7398873e-03
  -1.7456666e-02
  -3.5740234e-02
   3.4376108e-03
  -1.0579675e-02
  -4.1705343e-03
   1.1542141e-02
   2.7169432e-02
   1.3863695e-02
  -1.7668108e-02
  -9.3484941e-03
  -5.1052354e-03
   1.4229489e-02
   2.3055776e-02
   1.3712262e-02
   7.4301747e-03
   9.1841739e-03
   3.4889689e-02
   6.9565498e-03
   1.8333678e-03
  -3.1595603e-03
   1.4592882e-02
  -8.9940478e-03
   1.8406353e-02
   2.9853739e-03
  -1.8047412e-02
   4.3410295e-03
   6.0422963e-04
   2.0724065e-02
  -1.1205432e-02
  -9.8207022e-03
  -5.4529066e-03
   1.2977397e-02
   8.5589694e-03
   2.1470361e-02
   2.3251318e-03
   7.4235096e-03
   1.9216725e-02
  -2.1695052e-03
  -1.7239343e-02
  -4.5255481e-03
   1.2467794e-02
   2.3734397e-02
   0.0000000e+00
   3.9942462e-03
  -1.5602690e-02
   1.9754486e-03
  -4.2378930e-03
   9.1127504e-03
  -6.0972939e-03
   2.9938748e-02
   3.9656125e-02
   1.8413789e-03
   2.3548833e-02
  -2.3129320e-03
  -2.0973123e-02
   9.5010521e-03
   3.9826892e-03
  -1.0685069e-02
   1.0944259e-02
   3.7937621e-03
   6.9465568e-03
   3.8384489e-03
  -1.4924370e-02
  -1.0685997e-02
   6.8764688e-03
   0.0000000e+00
   0.0000000e+00
  -4.4338260e-03
  -2.0065797e-02
  -1.0904649e-02
   9.8373178e-03
   6.2100980e-03
  -1.2638118e-02
  -2.8158082e-02
  -1.6346607e-02
  -2.1868624e-02
  -1.7183549e-02
   1.1039136e-02
   5.2826325e-03
   2.2262085e-02
   0.0000000e+00
   4.5800893e-03
  -1.6170325e-02
   1.1215423e-02
  -2.7266212e-02
   1.1395862e-02
   1.9705536e-02
   4.1924876e-03
   3.1301173e-02
  -6.3094328e-04
   3.3304860e-03
  -1.5668482e-02
   1.6476925e-02
   2.3515880e-02
   0.0000000e+00
   1.3146941e-03
   1.0282419e-02
   2.5974041e-03
  -2.7259675e-02
   1.9708539e-02
   5.2137761e-03
   0.0000000e+00
   3.2880535e-03
   5.4275386e-03
  -6.1188625e-03
   2.1973269e-02
   1.4857368e-02
  -1.3340005e-03
   1.2506776e-03
   0.0000000e+00
  -3.5883234e-02
  -1.9184404e-02
   3.3400752e-03
   2.7351541e-02
  -6.6821117e-03
  -1.3673947e-02
  -1.6960730e-02
   2.0440205e-02
  -1.9992184e-03
   2.1859734e-02
  -7.0049834e-03
   1.6831407e-02
  -6.2574194e-03
   8.1943436e-03
   7.5690681e-04
   9.8712530e-03
  -1.9164277e-03
   1.0949014e-02
  -8.0341675e-03
  -2.2198843e-02
   1.2421470e-02
  -3.7861305e-03
   1.2481837e-02
   3.0755188e-03
   4.6063442e-02
   8.5234515e-03
  -7.3352855e-03
   5.9984395e-03
  -2.3809701e-02
  -2.0681408e-02
  -4.8657883e-03
  -2.8851381e-02
   0.0000000e+00
   2.2948461e-03
   6.9374221e-03
  -7.1072302e-03
  -2.2845377e-02
  -1.2940637e-02
  -9.1946541e-03
  -2.5092373e-02
   4.7247044e-03
  -1.4701447e-02
  -1.7257804e-02
   4.6783627e-04
  -1.1288925e-02
   1.8558973e-02
  -2.3243932e-03
   3.3591224e-02
   7.1749187e-03
  -2.9013821e-02
  -5.1729161e-02
  -4.1745607e-03
   6.7869177e-03
  -1.2249813e-02
  -1.9957193e-02
  -1.4777851e-02
  -2.4502738e-02
  -4.7856937e-03
   1.6855784e-02
  -4.0493056e-02
   1.5890165e-02
   3.1755267e-02
   2.0058123e-02
  -3.1114747e-02
  -2.9672047e-02
  -1.0875467e-02
   1.7007213e-02
  -1.5828662e-02
  -2.8952891e-03
  -5.5416451e-02
  -2.6453526e-02
  -7.3122265e-02
   1.7279316e-02
   4.5533579e-02
  -9.7030699e-03
  -1.9087069e-02
   4.3402591e-02
   3.3597900e-03
  -5.6383109e-02
  -7.7049151e-02
   2.6605638e-02
  -1.1780834e-02
   3.7320625e-02
  -4.7661708e-02
  -2.6668247e-02
   2.0994286e-02
   4.7674209e-02
  -2.2326627e-02
   2.9617672e-02
  -2.1315286e-03
   2.5405667e-02
  -2.5730578e-03
   4.1690223e-02
  -2.1649472e-02
  -2.0040751e-02
   1.5823115e-02
   3.5470179e-02
   4.7234954e-02
  -1.6929604e-02
  -1.9240570e-03
   2.3512055e-02
   2.0698324e-02
  -1.3421556e-02
   6.0941209e-02
  -1.7937701e-02
  -1.3667639e-02
  -1.1803979e-02
  -3.0245567e-02
   7.6475851e-03
  -2.4930026e-02
   2.5923239e-02
   3.7135526e-02
  -6.9322519e-03
   5.2303049e-03
   1.7622996e-02
   6.6722516e-03
   1.5261175e-02
  -3.4853956e-03
   8.1816779e-03
   1.7267052e-02
   3.3083651e-02
  -3.2983546e-02
  -4.1385216e-02
  -3.4495328e-02
  -3.1366637e-03
  -5.1230579e-02
  -1.6208183e-02
   9.6875397e-03
   1.2616851e-03
   9.3554590e-03
  -1.3145300e-02
   1.6319906e-02
   9.1273381e-03
   1.6133869e-02
   8.0251077e-03
  -1.7228477e-02
   3.1038298e-02
   2.0416507e-02
   2.6932734e-02
   0.0000000e+00
   0.0000000e+00
   1.2487368e-02
  -5.0989301e-03
  -2.7362055e-02
   0.0000000e+00
   0.0000000e+00
   5.0704700e-02
   1.1914359e-02
   3.4723690e-02
  -2.4218464e-02
   7.6859842e-03
  -1.1306163e-02
  -1.7003178e-02
  -3.4279799e-02
  -5.2314734e-02
   3.4729794e-03
   4.8635600e-03
  -1.9817722e-02
   5.8727377e-02
  -7.2856276e-03
  -2.9147313e-02
   8.1405762e-03
  -1.0509480e-02
   1.5298506e-02
   8.8786124e-03
   2.4017373e-02
   6.9615351e-03
  -7.5781213e-03
  -7.3252842e-03
   4.1412155e-04
   1.5814665e-02
   1.4062653e-02
  -2.7809279e-02
  -1.0330045e-04
   2.6823497e-03
   6.1627147e-03
   1.4325184e-03
  -3.3799387e-03
  -8.6553863e-03
   9.3095430e-04
  -9.2444180e-03
  -1.5776516e-02
   1.4314527e-02
   2.0879014e-03
  -2.6524512e-02
  -1.1786768e-03
  -2.3321194e-02
   8.4148904e-03
  -3.5445066e-02
   2.6151827e-02
   2.6555508e-02
  -1.0753948e-02
   1.2997659e-02
  -8.0364751e-03
   4.3024632e-04
   2.4327965e-02
   1.0494831e-04
   1.8713510e-02
   1.2385644e-02
   1.4943735e-02
   1.7189553e-02
  -9.7011254e-03
  -3.2965574e-02
  -1.6272318e-02
   1.5655288e-02
  -1.5237403e-02
   1.7087352e-02
  -5.6634039e-03
  -1.2399258e-03
   2.6845654e-03
   0.0000000e+00
   0.0000000e+00
   1.2399606e-02
   5.9907779e-03
   1.6964020e-02
   1.5309697e-02
   6.7406107e-03
   1.2289090e-02
   3.3603795e-03
   2.2930700e-02
   2.9931741e-03
   1.6212315e-02
  -2.6256047e-02
   1.8599536e-02
   1.4433714e-02
  -2.2844621e-03
   1.8131219e-02
  -3.3295869e-03
  -1.3338976e-02
  -6.0472972e-03
   6.5952424e-03
  -2.2850885e-03
   4.1094072e-03
  -1.0029634e-03
   1.7317600e-03
   1.1859099e-02
  -8.8584146e-03
  -5.4490965e-04
  -1.6117565e-02
   0.0000000e+00
   6.7166835e-03
  -1.6084651e-02
  -8.5162650e-03
  -1.7731465e-02
  -2.4904227e-03
   1.0968683e-02
   0.0000000e+00
  -1.8187541e-02
   1.1238772e-02
  -2.1921596e-02
  -9.4173739e-03
   4.2291678e-03
   1.4710933e-03
   1.3530162e-02
   0.0000000e+00
   1.7918364e-02
   2.4113379e-02
  -5.2981488e-03
   5.7615623e-03
  -1.1744007e-02
   2.3992629e-02
   6.5687673e-03
  -3.7352569e-03
   2.5524171e-03
   1.1585937e-02
  -1.6605799e-02
   4.1930356e-02
   1.2295773e-02
  -1.7133286e-02
  -1.4386182e-02
   5.0854372e-03
   1.3611665e-02
  -2.9892760e-03
   2.0231348e-03
   2.4821200e-02
   8.1953677e-03
   1.5355064e-02
   5.9268090e-03
   3.9870474e-03
   1.1129087e-02
  -7.3230261e-03
   9.9050772e-04
  -1.4459285e-02
   1.9725486e-02
  -6.1741295e-03
  -3.5571035e-03
   5.1248252e-03
  -2.0322179e-02
  -7.6013880e-03
  -1.6670615e-02
   1.1911534e-02
  -2.6587669e-02
   1.1221900e-02
   1.9013056e-03
  -4.3263890e-03
   1.5829649e-02
   7.2288447e-03
  -4.5863848e-03
   2.2308261e-02
  -2.0097376e-02
  -6.3908871e-03
   1.0628900e-02
  -2.3880965e-02
   7.1641582e-03
   3.2243115e-02
   9.8612773e-03
   2.4707639e-03
  -1.1250015e-02
  -8.5213548e-03
  -3.7826297e-03
   1.1804733e-02
   8.6185998e-03
   3.3774076e-03
   8.5162650e-03
  -5.4781217e-03
   1.4973020e-02
  -2.4260080e-03
  -2.4921365e-02
   6.0413144e-03
  -2.1348376e-02
   2.3491293e-02
   1.9740095e-03
   2.2980969e-03
   1.6343820e-02
   1.3538077e-02
   1.0920422e-02
  -5.2870512e-03
  -1.7479195e-02
   1.2070008e-03
  -2.5658097e-02
  -1.1952334e-02
   9.3913011e-03
   4.9619584e-04
  -2.2491647e-02
   1.7684742e-02
  -4.4682139e-02
   8.2191058e-03
  -1.2746758e-02
  -1.2224940e-03
  -8.5995616e-03
   1.6730511e-03
   3.1437965e-02
   1.9837733e-02
  -8.4778281e-03
   1.2636369e-03
  -9.3039663e-03
   1.6980816e-03
  -6.7888665e-04
  -2.1711069e-02
  -1.2746811e-02
  -2.9919065e-03
  -1.2057953e-02
   1.8470765e-02
   8.1974820e-03
  -2.6960055e-03
   2.4176340e-02
   5.7637047e-03
   1.8422896e-02
   2.9826037e-03
   2.4515037e-02
   3.2284100e-04
   2.5789827e-03
   2.4920629e-03
   5.1253416e-03
   7.0840428e-03
   1.1890137e-03
   3.0058558e-03
   9.5897606e-03
   1.6987029e-02
  -8.8841405e-03
  -2.4985586e-02
  -6.3668924e-04
   1.6658499e-02
   7.5660437e-03
   2.3423872e-02
   3.1073578e-03
  -2.8086561e-02
  -3.3521762e-03
   4.5189013e-03
   2.4040173e-02
   5.9019542e-03
   5.2671303e-03
  -8.4407766e-03
   1.0464993e-02
   1.8697681e-02
   3.3609928e-02
   2.4642336e-02
  -1.2210164e-02
  -4.7850348e-03
   7.3790700e-03
  -2.3878982e-02
   8.9238500e-03
   2.1236998e-02
   1.8270700e-02
   4.6454799e-02
  -7.8570430e-03
  -1.2368292e-02
   1.1307328e-03
  -7.4731782e-03
   2.4021006e-02
   0.0000000e+00
  -4.8502422e-03
   2.2478696e-02
   9.0174243e-03
   1.8232218e-02
   0.0000000e+00
  -3.5830617e-02
  -3.7229565e-02
  -2.9276375e-02
   1.1765929e-03
   3.2059918e-02
   4.7998752e-02
  -5.5061283e-03
  -2.0561775e-02
   1.3927077e-02
   3.3429651e-02
   2.0110197e-02
  -3.2120277e-02
  -3.6757757e-03
   1.3683727e-02
  -9.1227158e-03
   1.0562150e-02
  -1.6966129e-02
   6.5303767e-03
   2.7426301e-02
   1.1067403e-02
  -6.6433495e-02
   2.6168759e-02
   1.1518617e-02
   4.5449858e-02
   2.8532942e-02
  -2.2692239e-03
   4.5826055e-02
   3.3916389e-02
  -1.5666400e-02
  -1.4362608e-02
   1.9974325e-02
  -6.7011786e-02
   1.1552141e-02
   1.4934158e-02
  -1.4245255e-02
   1.5828160e-02
   1.1625099e-02
   5.0623053e-02
  -8.9571936e-03
   3.0901483e-02
  -3.5787006e-02
   2.6343868e-02
   6.1143092e-03
   1.5149846e-02
  -1.2652187e-02
  -1.6294600e-02
  -1.9414979e-02
  -2.2274576e-02
   2.7163774e-02
   1.1616265e-02
  -5.0468304e-02
   4.6695287e-03
  -4.3527016e-02
   1.8367043e-02
   2.2383119e-02
   5.7383935e-02
  -7.6434836e-03
  -3.6261818e-02
  -1.0812705e-02
   2.7841107e-02
  -2.2971955e-02
  -1.6572758e-03
   2.6503246e-03
  -2.4618174e-02
   1.0732342e-03
  -2.9563883e-02
  -9.8171770e-03
  -3.1678612e-02
   3.3262887e-02
   1.2121361e-02
   2.4036867e-02
  -3.3815758e-02
  -1.1708427e-02
   5.0178682e-03
  -4.4799785e-02
   2.6796269e-02
   8.7748660e-03
   1.0876097e-02
  -1.0587613e-03
   0.0000000e+00
   0.0000000e+00
   1.8137252e-02
   1.9515885e-02
  -2.0846019e-02
   4.8404287e-02
   0.0000000e+00
   2.6550714e-02
  -2.8979641e-02
   1.0719984e-02
   2.6973261e-02
  -1.0863564e-02
  -1.2670735e-02
  -4.0649448e-02
   6.1106901e-03
  -2.9940988e-03
  -7.4962018e-03
   2.5827853e-02
  -3.7063282e-02
  -1.5452846e-02
  -1.1600307e-02
  -2.2400170e-02
   2.3169833e-02
   2.7776975e-03
   1.2375887e-02
  -5.8293742e-05
   2.6292324e-02
  -1.6480554e-03
   2.9532052e-03
   3.0328202e-02
   2.4669801e-02
  -1.1009880e-02
  -6.9159205e-03
  -1.3977006e-02
   3.7058589e-03
   1.0981278e-02
  -1.1533520e-02
   1.1697324e-02
  -6.0074822e-04
  -1.3751592e-02
  -3.0307906e-02
   9.7716946e-03
   1.1802531e-02
  -1.6051709e-02
  -1.1133111e-02
  -1.7225045e-04
   2.7524531e-03
  -6.8953902e-03
   1.1525386e-03
  -3.2882432e-03
   1.3544743e-02
   2.5384788e-02
   2.7084989e-02
  -2.7082673e-03
  -4.8934417e-03
  -7.1657446e-03
   1.4009878e-02
   8.0334709e-03
   4.6275895e-02
   1.8138437e-02
  -1.1189707e-02
   5.1293884e-03
  -3.0947997e-03
  -1.6703775e-02
   2.1519397e-02
  -1.7651718e-02
   2.5007656e-02
  -8.0641534e-03
  -1.6634734e-02
  -2.3426371e-02
  -1.3682861e-02
   1.8464668e-02
   1.0483829e-04
  -1.2500492e-02
  -2.0591644e-02
  -3.6366637e-03
   2.1091926e-02
   9.0105025e-03
   1.3781757e-02
  -3.4929525e-03
  -6.2341402e-03
   1.9425128e-03
   6.2919465e-04
   3.6624328e-03
  -4.1788551e-04
   1.1273725e-02
   1.5430269e-02
   7.7529588e-03
  -6.4312160e-03
   3.8535693e-03
   1.6064603e-02
   4.1249468e-03
   4.1080015e-03
  -1.8393959e-02
   1.3938726e-02
   1.1199209e-02
   1.5384170e-02
  -1.6439420e-03
  -1.8116172e-02
   6.3854041e-03
  -3.1028742e-02
   8.0483332e-03
  -1.9056222e-03
  -1.8695921e-02
   1.1744803e-02
   1.1618804e-03
  -1.9680456e-02
  -4.4897508e-03
  -3.6931002e-02
  -2.2249670e-02
  -1.2479455e-02
   1.7515319e-02
  -6.7384592e-03
  -1.4004823e-02
  -3.5180826e-03
  -1.7152305e-02
   1.2779365e-02
   0.0000000e+00
  -1.4773157e-02
   3.6943811e-02
  -1.5506763e-02
  -1.8931209e-02
   1.2997470e-02
  -1.5332257e-02
  -1.3430725e-02
   3.5422025e-02
  -1.4380655e-02
  -2.9863251e-02
  -2.5984691e-02
   5.3865668e-02
   1.6427341e-03
   3.9541372e-03
   8.8679932e-03
  -9.9961522e-03
   3.5493995e-03
   1.5513704e-02
   1.2218094e-02
   2.3463072e-02
   1.0101096e-02
  -2.1710935e-03
   1.6404153e-02
  -1.6179122e-03
  -2.2983445e-02
  -3.0993824e-02
  -1.8753506e-02
  -1.8882929e-02
  -1.5518498e-02
   3.9500191e-02
   6.9061817e-03
  -3.0258386e-02
  -1.5276273e-02
  -3.2950548e-02
   1.4246359e-02
  -1.9422728e-02
   1.8416066e-02
   1.8141220e-02
   1.7074711e-02
  -2.9785794e-03
   9.3640058e-03
  -4.3083586e-02
   2.1251167e-02
  -1.7520150e-02
   5.2451222e-02
   2.0541443e-02
  -6.0629630e-03
   3.5251444e-02
  -1.7627739e-03
  -1.6060706e-02
  -2.7038348e-02
  -1.4336156e-02
  -1.9209372e-02
   1.6374099e-02
   2.4013721e-02
  -4.4146897e-02
  -3.5406486e-03
   1.3743936e-02
   0.0000000e+00
   0.0000000e+00
   2.7157134e-02
   1.5058984e-03
   4.5041364e-03
   0.0000000e+00
  -8.0214334e-03
   1.0957642e-02
  -1.1237323e-02
   2.1474067e-02
  -2.7964377e-03
  -8.3258000e-03
  -2.7049910e-02
   1.0862907e-02
   1.2914948e-02
   1.8383478e-02
  -1.5609859e-02
   3.2428793e-02
  -1.7175679e-03
   1.4029516e-02
   4.7034041e-03
   8.6094290e-03
   2.2972913e-03
   2.6041681e-03
  -1.0142287e-02
  -3.4740534e-03
  -6.6659860e-03
   1.5746698e-02
  -5.2914334e-03
  -4.6332942e-03
  -5.9812273e-03
   6.5088204e-03
  -1.8149898e-02
   3.2710435e-03
  -1.9242797e-02
   7.5032975e-03
  -8.1285397e-04
  -4.7820980e-03
   2.6977830e-02
  -2.4257924e-02
   1.4656790e-03
  -1.7124362e-02
  -9.9266031e-03
  -1.3578932e-02
  -5.0279890e-02
   2.2614103e-02
  -2.3234201e-04
  -5.7093077e-03
  -6.9768407e-03
   1.5181000e-02
   1.5353512e-02
   9.4846657e-03
  -1.0179845e-03
   3.1072594e-03
  -2.5132691e-02
  -3.0778889e-02
  -1.8604348e-02
  -3.8469856e-02
   2.0627020e-02
  -2.6708377e-02
  -8.1664356e-03
   1.7337620e-02
  -3.8115739e-02
  -5.0230143e-02
   3.1080060e-02
   4.3126158e-02
   5.6363434e-02
  -2.4191772e-02
   0.0000000e+00
  -3.0194052e-02
  -8.3837808e-03
  -3.8454940e-02
   2.6013021e-03
   3.2377165e-02
  -1.0111572e-02
   1.9866494e-02
   2.2481371e-02
   2.4854044e-02
   1.4453129e-02
   0.0000000e+00
   0.0000000e+00
  -2.3570524e-02
   4.0005335e-02
   1.1275666e-02
  -8.3859163e-03
  -2.0826648e-02
   5.3371840e-03
   6.7356378e-03
  -1.8890550e-02
  -1.7404488e-02
   1.8070207e-02
   0.0000000e+00
   1.4296255e-02
  -1.4780370e-02
   1.3347962e-02
  -1.6139159e-03
   1.5541877e-03
  -4.1298877e-03
   2.2887279e-02
  -7.2954374e-03
  -1.1700903e-02
  -1.4348920e-03
   2.3883850e-02
   8.7824451e-03
   7.9594376e-03
   1.1935156e-02
   4.5402952e-04
  -9.5208952e-03
   7.4761370e-03
  -7.3615763e-03
  -1.6050448e-03
  -2.0342042e-02
  -1.6291235e-02
   4.0977579e-03
  -1.1084738e-02
   5.3789276e-03
   7.3638910e-03
  -1.3025461e-03
   1.1135120e-02
  -2.3463174e-03
  -1.0983281e-02
  -3.0626942e-02
   2.6290865e-03
  -1.4143638e-02
  -2.6673269e-02
  -1.7387279e-02
   6.9655232e-03
  -1.9863044e-02
  -5.3245812e-03
  -4.4920144e-03
   4.5579231e-03
  -9.2697479e-03
  -7.6792471e-03
   2.4499669e-02
   1.4996873e-02
   9.2361634e-03
  -2.8131212e-03
  -1.0684963e-02
  -2.4699084e-02
  -3.4139455e-02
  -1.5214678e-02
  -8.6786659e-03
  -6.2050686e-03
   2.1897409e-02
   4.0055302e-03
  -2.1245531e-02
   7.7144642e-03
  -1.8686860e-02
   1.9524849e-02
  -8.5524531e-03
   4.6358164e-03
  -3.4796039e-02
   7.1576057e-03
   2.6656872e-02
   1.5866721e-02
   1.0712917e-02
   1.8811029e-02
  -1.8115339e-03
  -1.4784949e-03
  -1.4155812e-02
  -1.0237162e-03
  -3.7626177e-03
  -7.0707844e-02
  -2.2014871e-02
  -1.3171033e-02
   9.1775076e-03
   4.7452354e-03
  -1.9500599e-02
  -4.9717726e-02
  -2.3382873e-02
   4.0311025e-03
   7.3619964e-03
   8.7634446e-03
   5.6535962e-04
   3.7324565e-02
   5.4301584e-03
  -7.6884625e-03
  -4.6102836e-03
  -2.8923039e-02
   4.9057157e-03
  -9.7546019e-03
   4.0796071e-02
  -3.7076490e-02
  -2.3188498e-02
  -3.1722052e-02
  -1.8328612e-02
  -5.1498997e-02
  -7.4336138e-03
  -1.4567643e-02
  -8.1359897e-02
   1.9478527e-02
  -8.6883255e-03
  -4.3039429e-02
  -8.9890339e-02
   4.5719590e-03
   7.6906132e-02
  -1.1897315e-02
   2.0518964e-02
   2.5325660e-02
   1.5395827e-02
  -1.2745469e-02
   1.7858518e-02
   3.1207927e-02
   4.2878616e-02
  -3.0165356e-02
   2.0179738e-02
   1.5356996e-02
   3.5833123e-02
   3.4507321e-02
  -1.2059610e-03
  -1.8090596e-02
   1.6883179e-02
   1.2520531e-02
  -5.6405585e-03
  -1.4416064e-02
   1.2614648e-02
   3.1606484e-02
   3.1121994e-02
  -3.1621245e-02
   3.0330194e-02
  -3.1579413e-02
  -3.9954316e-02
   2.2299380e-02
   1.9819258e-02
  -6.7581918e-03
   4.0121875e-02
  -9.8602593e-03
   4.1757230e-02
   2.2110989e-02
  -1.3192399e-02
  -3.4322291e-02
   2.8592504e-02
   2.6890960e-02
   3.7390306e-02
   2.8073783e-02
   1.9352729e-02
  -2.0202707e-02
  -4.7590387e-03
   5.6090175e-03
   7.4066575e-03
  -7.0303715e-04
  -7.5535991e-03
  -3.5633052e-02
  -8.0363171e-03
   8.6236024e-03
   2.2724783e-03
   6.8593380e-03
   7.0063735e-02
   6.0161739e-03
  -2.3663691e-02
  -1.2988549e-02
   1.4161003e-02
  -1.6961341e-02
  -2.6713723e-02
  -1.3191465e-02
   5.0296884e-02
  -1.0111310e-02
  -1.1986324e-02
  -8.9060473e-03
   2.7250027e-02
   0.0000000e+00
   0.0000000e+00
   0.0000000e+00
   2.6391471e-02
  -1.7651057e-03
   0.0000000e+00
   0.0000000e+00
   6.5018854e-03
   3.6912384e-02
   7.7125370e-03
  -1.7979769e-02
   9.6164022e-03
   1.0878118e-02
  -1.7213247e-02
  -1.5316864e-02
  -3.4725476e-02
  -2.3446670e-03
  -3.6132419e-02
   3.6891589e-02
  -8.0349535e-03
  -1.2879019e-02
  -1.3189810e-02
   2.4189325e-02
   5.6279461e-03
   4.4244801e-03
   8.9957688e-03
  -1.1067307e-02
   6.8885028e-03
   4.7255507e-03
   3.2742185e-03
  -2.4542801e-02
  -1.1018042e-02
  -3.2780414e-02
   8.5675395e-03
  -5.2189159e-03
   2.2136882e-02
  -1.6123025e-02
   1.1848905e-02
   9.9446764e-03
  -2.4252718e-02
   9.5853136e-03
  -1.9117164e-02
  -8.1483292e-03
   2.1799427e-02
  -3.2544649e-02
   3.2039689e-02
   1.1977909e-02
   1.8087253e-02
   1.4803759e-02
   2.2983246e-02
   2.9037620e-02
   1.1460697e-02
   4.5311843e-04
   5.9362673e-03
   2.0881838e-02
  -3.5344647e-03
  -1.5098232e-02
  -6.9565498e-03
   8.3677110e-03
   2.6253208e-02
   1.3726838e-03
   4.4172156e-03
  -2.3109349e-02
   2.7913486e-03
   5.3704125e-03
  -1.5878390e-02
   1.5353125e-03
  -1.4072797e-03
   1.2341909e-02
   0.0000000e+00
   0.0000000e+00
  -1.2533964e-02
  -7.4545683e-03
  -1.6126235e-02
  -1.3111315e-04
  -1.4195874e-02
   8.6410321e-04
   1.6473752e-02
  -2.9110566e-02
   1.2104097e-03
   1.5471101e-02
   2.4899179e-02
  -8.6215813e-03
  -9.8793698e-03
  -3.8208215e-03
  -3.2125621e-02
  -6.4273726e-03
  -1.3728723e-03
   2.3327626e-03
  -6.9456663e-03
  -1.4877916e-02
   2.0452028e-02
   0.0000000e+00
   6.1743219e-04
  -1.8970383e-02
  -7.6478184e-03
   1.4543677e-02
   3.5794802e-02
  -1.1857580e-02
  -8.9179937e-03
   2.1712781e-02
   1.8036428e-02
   1.0509032e-03
  -1.9055760e-03
   7.4047716e-03
  -9.6435293e-03
   1.0541574e-03
  -1.3724731e-02
  -1.1144047e-02
   1.4166697e-03
   1.0995016e-02
  -7.0927029e-03
  -1.0598540e-02
  -2.7382008e-02
   8.5426085e-03
  -1.3366949e-02
  -2.3830915e-02
   1.8644681e-03
   9.0575807e-03
  -8.8426733e-03
  -4.5947385e-03
   7.5986029e-03
  -2.7365252e-02
  -1.3968669e-02
  -4.0322839e-02
   4.8181134e-02
  -1.0317405e-02
  -2.7303644e-02
  -1.7480529e-02
  -7.0249388e-04
  -2.2185412e-02
   2.0935315e-02
  -2.4454192e-02
   3.6112959e-02
   2.2917511e-02
  -1.1334871e-03
  -3.6731752e-02
  -2.3250403e-02
   2.9505799e-02
   6.3202763e-02
  -4.9147357e-03
  -2.4791890e-02
  -4.5178422e-02
   2.4418113e-03
  -4.0993357e-03
  -4.3676474e-02
   1.0915616e-02
   3.4970281e-02
  -9.4629768e-04
  -4.9903209e-02
  -5.9101897e-02
  -3.6282925e-02
   7.8153797e-03
  -4.0079233e-02
   2.7416800e-02
   8.2240511e-02
  -3.1290989e-03
  -4.6907303e-02
  -4.0489160e-02
  -2.3759419e-02
  -6.4917237e-02
   6.5106542e-02
  -1.7471445e-02
   5.0883888e-02
   1.5891367e-02
  -2.9809284e-02
   2.1668126e-02
  -1.8702415e-02
   2.5671715e-02
   2.2523547e-03
   3.6059050e-02
  -3.2465801e-02
   3.5672460e-02
   1.1242272e-03
  -1.9374024e-02
  -2.1285926e-02
   2.9272979e-02
  -4.4968470e-02
  -1.4460303e-02
   1.4734588e-02
  -3.5166414e-02
  -6.0600950e-02
  -5.2451200e-03
  -7.1044651e-03
   3.7287542e-02
  -1.4429980e-02
   2.1372754e-02
   2.3879432e-02
  -5.1944515e-02
  -2.2910277e-02
   7.5595416e-03
  -6.9444724e-03
  -6.0298020e-02
  -4.3606063e-02
   2.2707810e-02
  -2.6124670e-02
  -1.1820876e-02
   1.8982846e-02
   2.9906268e-02
  -2.2008224e-02
  -7.0535338e-02
   3.8793890e-02
   2.2142819e-02
  -3.0647560e-02
  -3.2220584e-02
  -1.4973802e-02
  -2.2701465e-02
  -1.0215109e-02
   5.2351170e-02
   7.0363278e-02
  -1.8216264e-02
   8.4267264e-02
  -1.4589539e-02
   5.8530091e-02
  -1.6083638e-03
   1.0109690e-02
  -3.2491092e-02
  -4.0629112e-02
   2.9039578e-02
   4.5690630e-03
   3.4819765e-02
  -5.4701136e-02
   3.6220428e-02
   3.7510023e-02
   9.8169146e-05
   4.8570439e-02
  -1.3936195e-02
  -3.5026978e-02
  -4.5608547e-02
  -2.0981243e-02
  -1.0127737e-02
   3.5825970e-02
  -1.6607736e-02
   4.7828802e-02
   1.2220513e-02
  -1.6665854e-03
  -5.4110024e-03
  -6.9077814e-04
   3.5969172e-02
   4.1813232e-03
  -1.4038334e-02
  -2.5026867e-02
   4.7469802e-02
  -3.5798437e-03
  -8.2445385e-03
   2.5646044e-02
  -3.0797744e-02
   1.0750234e-02
  -4.6583101e-02
  -7.9341470e-04
  -4.1322335e-02
   3.1952250e-02
  -5.2214196e-03
  -3.0564039e-02
  -1.6958430e-02
   3.0669278e-02
  -1.6933807e-02
  -4.1351483e-02
  -1.7848818e-02
   1.7414601e-02
  -9.1623678e-03
   0.0000000e+00
   0.0000000e+00
   0.0000000e+00
  -5.5303771e-02
   2.6287228e-02
   0.0000000e+00
   0.0000000e+00
   6.7811501e-02
  -1.3904592e-02
   3.2493264e-02
  -1.3017627e-02
  -5.6049151e-02
   8.8300794e-03
   2.0857354e-03
   1.1340215e-02
   6.1611825e-03
  -1.9147669e-02
  -1.3268660e-02
  -4.9864873e-02
  -1.1700696e-04
   2.3400024e-04
  -3.0647368e-02
   1.5559859e-02
  -5.6306464e-02
  -2.8160108e-02
   6.0555490e-03
   2.4363596e-02
  -6.4139062e-03
   1.9490872e-02
  -4.3400155e-03
  -4.3040601e-02
   3.6057158e-02
  -3.5149423e-02
  -2.9597688e-02
   2.9329444e-03
   1.5192841e-02
  -3.0079457e-02
  -9.2304171e-03
   5.0392848e-02
   1.7735974e-02
   1.7176477e-02
  -4.5340074e-02
  -1.7046994e-02
   3.3937092e-02
  -3.8077332e-02
  -4.0281232e-02
  -2.3115899e-02
   4.6118084e-02
   1.1642205e-02
   1.4431036e-02
  -3.3864956e-02
  -6.8851828e-03
  -2.1791615e-02
  -7.6552685e-03
  -2.6825952e-02
  -2.9671365e-02
  -4.3391422e-02
   7.2039021e-02
   1.7119234e-02
   2.9201224e-02
   8.3968193e-02
   1.7444894e-02
   6.4171343e-03
   4.2120536e-02
  -6.7396538e-02
   3.3768621e-02
  -8.9944392e-03
  -1.2556506e-03
  -2.6352489e-02
  -3.3181196e-02
   7.4399174e-03
   6.1099457e-02
  -4.8680119e-03
   2.8858828e-02
   6.3352552e-02
  -2.1451636e-02
  -2.0731013e-02
  -5.3702617e-03
   1.5200388e-02
   2.7434012e-02
   1.4570548e-02
  -9.5379399e-03
   2.0775276e-02
   0.0000000e+00
   0.0000000e+00
   1.2548052e-02
  -2.4306718e-03
  -2.0676903e-02
  -1.0443959e-02
   3.2447416e-02
  -1.7608836e-02
   1.0958401e-02
   0.0000000e+00
  -6.6748250e-04
   8.8987770e-04
   7.6425027e-03
  -1.3664602e-02
  -1.8970759e-02
   2.2320846e-02
  -1.5051391e-02
  -1.6546278e-02
   3.2165450e-03
   1.7508405e-02
  -9.8534123e-03
  -5.1257353e-02
  -1.6549269e-02
  -3.5385309e-03
   3.2948959e-03
  -9.3023927e-03
  -4.9200493e-04
   1.0525125e-02
   1.4023441e-02
  -3.0057131e-03
   3.4904460e-02
   1.9916620e-02
  -6.8626599e-03
   1.9660841e-02
  -2.9302399e-03
   3.9611330e-02
  -2.1270400e-02
   1.5613291e-02
   6.6329825e-03
   4.6494110e-03
  -1.4779665e-02
   3.0087998e-02
   1.1723216e-02
   1.3350219e-02
  -2.1467917e-02
   1.0584811e-04
  -4.6679482e-03
   2.4427817e-03
   1.8017068e-03
   1.6591791e-02
  -6.1635087e-03
  -2.4130526e-03
  -3.3104999e-02
   3.4259794e-02
   7.6300344e-03
   8.8115430e-03
   3.6083777e-02
   1.0300180e-02
  -1.9802627e-02
  -1.7233067e-02
   1.7735453e-02
   1.3569000e-02
   4.9536832e-04
  -1.2884684e-03
  -1.5693260e-02
   1.0323319e-02
  -2.0347197e-02
   9.8223664e-03
  -3.9376092e-03
   2.7144666e-02
  -1.1821497e-03
   7.8547287e-03
  -3.3307241e-03
   3.3307241e-03
   2.3678323e-02
  -9.3077484e-03
  -5.8980108e-03
   8.1128511e-03
  -1.4533731e-02
  -1.8220822e-02
   1.1920137e-03
   1.3888891e-03
   9.1775450e-03
   1.9841149e-02
   1.8226565e-02
  -3.0305923e-03
   2.1580871e-02
   1.3644537e-02
   2.8345468e-03
   2.6579338e-02
   2.1316288e-03
  -1.5648372e-02
  -1.9015266e-02
   3.9418853e-03
   1.1642846e-02
   1.0845988e-03
   2.0740954e-02
  -1.7697549e-04
   2.1103187e-02
   3.8915602e-03
  -2.2255140e-02
   8.6991454e-03
  -1.9256845e-02
  -2.6938265e-02
   1.2836446e-02
  -2.0101179e-02
   3.0410566e-03
   1.5702349e-02
   3.8873619e-03
   2.2571100e-02
  -8.2377896e-03
  -4.5398254e-02
  -1.4909555e-02
  -3.6560108e-02
   0.0000000e+00
   1.0236502e-02
   1.3569838e-03
  -2.1638872e-02
   2.7144803e-02
  -1.8374113e-02
   4.3956793e-02
   1.0323308e-03
  -1.1604451e-02
   4.3556550e-03
   2.6939225e-02
  -7.9409466e-03
   1.6822569e-02
  -1.0944912e-03
   7.4552577e-03
   2.1715535e-03
  -1.5759834e-02
   5.3113678e-03
   1.6426359e-03
  -2.3712879e-02
  -2.9923344e-03
  -1.2628572e-02
   1.6087651e-02
   2.0049639e-02
   4.9274669e-03
   7.9782835e-03
   1.0331134e-02
   2.9760957e-02
   2.2530339e-03
  -9.0427536e-03
   1.4997464e-02
   3.2589959e-02
  -1.0212712e-02
   4.5332516e-03
  -6.7029747e-04
   1.3073170e-02
   7.9103906e-03
  -3.8570892e-02
  -9.8582085e-03
  -6.3953204e-03
  -2.6913243e-03
   2.8647096e-03
   3.0981782e-02
   5.0297700e-03
  -1.2876256e-02
   1.2959872e-02
  -6.7956132e-03
   2.4119599e-02
  -9.2463302e-03
   2.4820048e-02
  -7.2266970e-03
  -1.2051796e-02
  -1.1531091e-02
   5.4917762e-03
  -1.9935217e-03
   1.2476923e-02
  -1.8904374e-03
   6.6418185e-03
  -4.5871640e-03
  -1.4388737e-02
   7.1375521e-03
   8.8099042e-03
  -9.7200106e-03
   1.4061791e-03
   0.0000000e+00
   0.0000000e+00
   0.0000000e+00
   1.0606471e-02
  -1.4732365e-03
   0.0000000e+00
   0.0000000e+00
   1.2534756e-02
   3.0689735e-03
  -7.2027180e-03
  -3.5801503e-03
   2.5829171e-02
  -3.8201399e-03
  -2.5548916e-03
   6.7721248e-03
   1.3173135e-02
   7.8360694e-05
   5.2362278e-03
  -4.6779979e-04
  -6.1798609e-03
  -5.7446548e-03
  -1.4215766e-03
  -1.5370828e-02
  -7.5727422e-03
   6.8501698e-03
   8.8754431e-03
  -1.3221876e-02
  -6.9613362e-03
   8.9311093e-04
  -6.7587082e-03
  -1.4484658e-02
  -7.5723266e-03
   4.5835323e-03
   1.1573246e-02
   9.2445539e-03
   1.3266656e-02
  -2.1720776e-03
  -1.5665269e-02
   3.7560263e-03
   2.6045921e-03
  -6.8515766e-03
   5.3059183e-03
  -2.4810669e-02
  -5.4395716e-03
  -2.3432603e-02
   7.8720352e-03
   7.4722263e-03
  -2.8803815e-03
   1.2980627e-02
   2.2523102e-02
  -8.9649817e-03
   6.8338334e-03
  -2.9583389e-03
   3.1224347e-03
  -1.0556799e-02
  -1.5373350e-02
  -3.5217622e-02
   5.5661998e-03
  -3.0021181e-02
   3.0340912e-03
   2.5511588e-02
  -1.9382321e-02
  -9.1633576e-03
  -2.4243612e-02
  -5.7854057e-03
  -1.7513946e-03
   2.3524061e-02
   3.5083021e-03
   1.6211275e-02
   2.6502938e-04
  -1.2622390e-02
   1.8610959e-02
   2.3773460e-02
   1.1762836e-02
  -1.0734470e-02
  -4.6359973e-03
   6.1765659e-03
   0.0000000e+00
   0.0000000e+00
   1.7716081e-02
  -1.5580332e-02
  -2.3923456e-03
   7.4147014e-03
   1.0184165e-03
   1.1134657e-02
  -3.3559863e-04
   1.5322142e-02
   1.7448733e-02
  -3.9056193e-03
   2.7680552e-03
  -2.8449661e-02
  -1.1695056e-02
  -4.7506028e-03
   1.0404865e-02
  -4.0475643e-03
   4.6364677e-03
  -3.4481750e-02
  -8.7092846e-04
  -2.8905535e-02
   9.3729765e-03
  -1.5400072e-02
   1.1839765e-02
  -1.1298542e-02
  -1.8016866e-02
   1.9008348e-02
   2.9296369e-02
  -1.3564905e-02
  -3.2867007e-03
   1.2028092e-02
  -1.4879382e-02
   1.8302089e-02
   1.1758181e-02
  -1.0357375e-02
   5.7576710e-03
  -1.2429044e-02
   7.4584648e-03
  -8.7424050e-05
   8.0979153e-03
   1.6769538e-02
   4.2631198e-04
  -9.0769591e-03
   2.6631174e-03
   1.3717423e-03
  -2.1038826e-02
   7.1491150e-03
   8.6869652e-05
  -6.0117802e-03
  -1.0492263e-03
  -4.5594117e-03
  -2.0150697e-02
   1.1589681e-02
   2.5811836e-02
  -1.2965126e-03
   1.5618613e-02
   1.0212767e-03
   1.7847283e-03
  -7.3291618e-03
  -1.3086713e-02
  -1.0404926e-03
  -1.2834681e-02
   8.7834876e-04
   3.1556828e-03
  -4.0340316e-03
  -8.3830184e-03
   8.3830184e-03
  -1.8470474e-03
  -1.4989859e-02
  -7.1517972e-04
  -9.8859437e-03
   6.3920992e-03
   1.5229399e-02
  -1.9005703e-02
  -1.1717519e-03
  -1.5267472e-02
   1.3010237e-02
   6.7564781e-03
   3.3287848e-02
   8.1301261e-03
  -7.1753063e-03
   3.9830341e-03
  -2.1664020e-02
  -5.6677445e-03
  -2.8830826e-02
  -9.6441620e-03
   7.1731041e-03
  -1.1149620e-02
  -1.3057451e-02
  -1.1994288e-02
   1.8077886e-02
  -2.8032162e-03
   5.2263301e-03
   2.0457511e-03
   1.1141028e-03
   1.8296837e-02
  -4.5564315e-04
   1.7303406e-03
   9.0580329e-03
   6.5609367e-03
  -3.5839083e-04
  -1.5806679e-02
   1.3923017e-02
   6.7111343e-03
   7.1092453e-03
   8.1136348e-03
   2.3687338e-03
   8.7588689e-04
  -1.0296215e-02
   9.7707744e-03
   2.1577025e-02
   6.8557720e-04
  -9.9871687e-03
   3.1964089e-03
   4.8184571e-03
  -6.0103896e-04
   1.8020342e-03
  -1.1815066e-02
  -1.3537916e-02
   2.1082228e-03
  -7.8404137e-03
  -6.1927723e-04
   1.1438752e-02
  -1.1261777e-02
   2.4299771e-02
   1.2443842e-02
   7.9004786e-03
  -3.3852404e-04
   1.4379364e-03
  -1.1561805e-02
  -7.6985590e-04
  -2.2325060e-02
   3.3196501e-03
  -1.0520876e-02
  -1.6760027e-03
  -1.2367493e-03
   1.4218249e-02
  -1.7494183e-02
   4.6892366e-03
   1.7652251e-04
  -2.5926716e-02
   3.1649889e-03
   1.4965107e-02
   1.0088581e-02
  -1.0444421e-02
   1.4924991e-02
   7.1622282e-03
  -4.5359464e-03
  -3.7664828e-03
   7.3446164e-03
   3.0444072e-03
  -3.4800801e-03
   4.0010491e-03
   7.3513845e-03
   2.1519268e-03
  -2.1519268e-03
  -7.2645827e-03
   1.3363996e-02
  -6.8540099e-04
  -8.1752531e-03
  -3.6357381e-03
  -4.1713800e-03
  -1.8304647e-03
   7.7347972e-03
  -3.3820437e-03
   1.8225217e-03
  -7.6595378e-03
   1.7066295e-02
   9.9146111e-03
  -8.5084664e-04
  -3.3252365e-03
   2.6440375e-03
   3.6560003e-03
  -1.0922542e-02
   5.2201565e-03
   8.8375830e-03
   7.6693309e-03
  -4.4595976e-03
   1.9377402e-03
  -1.3217171e-02
   5.5284002e-03
   3.3024290e-03
   7.4118085e-03
  -2.5177290e-04
   0.0000000e+00
  -3.7842201e-03
   5.7966307e-03
  -4.4494889e-03
   1.5133684e-03
   0.0000000e+00
   1.0613061e-02
  -8.3128975e-05
  -1.1622690e-02
   6.3715843e-03
   1.2527667e-03
  -7.5147167e-04
  -1.0411513e-02
  -9.4980361e-03
  -5.8109888e-03
   4.6173660e-03
   8.3255939e-03
   1.5216843e-03
  -3.8085612e-03
  -5.1859840e-03
  -2.7313093e-03
   5.9811169e-04
   9.5214525e-03
  -5.8551654e-03
   1.4028794e-02
  -1.9233806e-02
   4.3535858e-03
   1.2359423e-02
  -7.2617055e-03
  -1.0392802e-02
   1.1663181e-02
   1.0272909e-02
  -3.1884571e-03
   1.1758778e-03
   5.1909025e-03
   9.9710008e-03
  -2.4834450e-03
  -1.3270301e-03
  -8.5851746e-03
  -1.3402582e-03
   6.7035364e-04
   2.7604685e-03
  -1.1594820e-02
  -5.1684080e-03
  -1.4451484e-03
   9.1456307e-03
  -5.4942871e-03
   8.5243374e-03
   1.3025149e-02
   1.4920427e-03
   1.0628318e-02
   8.1920214e-04
  -4.5139393e-03
  -4.7823310e-03
   7.9032271e-03
   1.0603688e-02
  -2.5997252e-03
  -2.3618531e-03
  -1.5530942e-02
   2.1508943e-03
   2.5584960e-03
  -1.6498931e-03
   7.8947778e-03
  -2.8710901e-03
   5.4888927e-03
   0.0000000e+00
   0.0000000e+00
  -5.9819083e-03
   4.3465849e-03
  -5.1688182e-03
   4.7595691e-03
  -6.3236773e-03
   6.3236773e-03
   2.2079577e-03
   2.6105415e-03
   3.8219197e-03
   7.3019353e-04
  -5.2856395e-03
   5.5289189e-03
  -1.4605650e-03
  -2.2583592e-02
  -2.9671765e-02
   2.0512828e-03
  -9.2640910e-03
  -2.8478984e-03
   8.0052074e-03
   1.6276185e-03
  -5.2349401e-03
  -1.4298957e-02
  -5.2507340e-03
   6.2975805e-03
   4.0896294e-03
   6.8365980e-03
   8.6206902e-04
   5.9281071e-03
   4.4444518e-03
  -4.5301159e-03
  -7.9990105e-03
   2.2427336e-03
   1.1224039e-02
   2.5556928e-04
  -6.4089089e-03
  -5.1449152e-04
   2.0123795e-02
   1.0036886e-02
   2.6595760e-03
   3.8107908e-03
  -1.4894500e-03
  -3.4009406e-03
   3.6493364e-03
   2.2327898e-03
   6.2582549e-03
   1.6416318e-04
   2.0230612e-02
   8.2502771e-03
  -6.9642067e-03
   7.6818814e-03
   1.7776490e-02
  -3.6872909e-03
   1.3352710e-03
   5.0890695e-03
   5.4517269e-03
  -4.9052148e-03
  -1.5495650e-02
   6.9516039e-03
   1.0228570e-03
  -3.2294936e-03
   7.3888090e-03
   3.2838184e-03
   8.5497179e-03
  -2.1908395e-02
  -1.2898268e-02
   5.4343617e-03
   5.4842565e-03
  -3.9710957e-03
   8.5578969e-03
   5.6648460e-03
  -1.1775328e-03
   4.7117953e-04
  -2.1666654e-02
   2.0802656e-02
   1.4045175e-02
  -5.2049059e-03
   7.2174463e-03
   7.6262743e-03
   6.3492277e-03
   3.8119926e-04
   9.0299206e-03
   3.6193675e-03
   1.1003517e-02
  -8.9372167e-04
   4.3864611e-03
  -7.5955388e-03
   8.9659301e-04
  -9.1530386e-03
  -5.9719722e-03
   4.3124712e-03
   8.7192374e-03
  -1.1440739e-02
  -1.3259358e-02
  -8.3192592e-03
   7.3215232e-03
   1.2817754e-02
   0.0000000e+00
  -6.9225487e-03
  -5.1276277e-03
  -7.4704803e-03
  -1.2367443e-02
   3.1301354e-04
  -3.1345532e-03
   1.5034363e-02
   3.6272469e-03
  -1.3876043e-03
  -3.4774580e-03
  -1.4817397e-02
  -1.5598717e-02
   5.0149359e-03
  -3.5795289e-03
   8.5694407e-03
   2.2097712e-03
   1.3392683e-03
   1.5080178e-02
   1.0491495e-02
   6.8828660e-03
  -1.1438595e-03
   9.0388371e-03
   6.8029785e-04
  -1.9919001e-02
  -7.7086144e-05
  -2.0063283e-03
   1.6395066e-02
  -4.4933627e-03
   1.2817285e-02
  -1.8942410e-02
  -1.0344387e-02
  -2.3281984e-04
   2.8162253e-02
  -9.0964848e-03
   1.5640076e-02
  -5.5630876e-03
   7.5103620e-03
   6.5627799e-03
   1.3437887e-02
  -1.8131857e-02
  -1.1114563e-02
  -1.6627621e-03
  -2.5751737e-03
   4.5492457e-04
  -9.2145495e-03
  -1.2248337e-03
   3.5936882e-03
  -1.1455192e-03
  -5.3631756e-03
  -1.9235837e-02
  -4.3166099e-03
  -7.1832017e-03
   1.1734728e-02
  -1.1893182e-02
   3.2432888e-03
  -1.5921368e-02
   4.8030832e-03
   1.5924282e-02
  -1.1102230e-16
   5.3304195e-03
   6.2524426e-04
  -1.0998618e-02
   1.0373374e-02
   8.5961010e-04
   8.0909108e-03
   9.2936810e-04
   2.1746646e-02
   5.0621543e-03
   4.5866466e-03
   1.6490522e-03
   7.4616075e-03
   1.0280015e-02
   8.5717950e-03
  -4.1668250e-03
  -2.2734783e-03
  -3.6778269e-03
   4.4205409e-04
  -2.3598831e-03
   2.7281123e-03
  -2.1376192e-03
   1.2976246e-02
   7.3297618e-03
  -5.7285969e-03
   6.0900645e-03
  -2.8954056e-03
   4.9893447e-03
   6.0405764e-03
   4.8634054e-03
   7.6759439e-03
   2.7574522e-03
  -2.5450703e-03
   1.2800850e-02
   1.8851463e-03
   1.4637719e-03
   5.5567275e-03
  -6.0444134e-03
   6.8060545e-03
   0.0000000e+00
   6.8975305e-03
   1.4424565e-03
   8.7474077e-03
  -1.5289455e-02
   8.3935821e-03
   3.0782936e-03
   1.8675690e-02
  -6.3889386e-03
   5.1144122e-03
  -3.5638675e-03
  -1.3359301e-02
   1.7052629e-03
  -2.8665048e-03
  -1.1341497e-02
  -2.0740434e-04
  -1.2103654e-02
  -8.0101609e-03
  -2.1893437e-03
  -8.0213385e-03
   2.1358402e-03
  -1.6370693e-03
   1.3022123e-02
   2.9855031e-02
   9.1709484e-03
  -7.1937874e-03
  -1.0903640e-03
   6.5244217e-03
  -1.2062708e-02
   1.0279254e-03
   6.6899014e-03
   2.9891327e-03
  -5.8507548e-03
   1.8991548e-02
  -9.1466103e-03
   1.4621320e-02
  -5.9942058e-04
   2.8606612e-03
   5.1683126e-03
   1.3217024e-04
  -5.1676278e-03
  -6.5307443e-03
   1.6116010e-02
   3.3496468e-03
  -1.4435698e-03
   1.0776318e-02
  -1.8422523e-02
   7.4491923e-03
  -1.3355570e-02
  -1.2861914e-02
  -6.0864461e-03
  -2.7850441e-03
  -1.1700041e-02
   2.3936951e-02
   5.5617123e-03
   3.8016520e-03
   1.0133544e-02
   5.1268681e-03
  -4.5903145e-04
  -7.7698422e-03
   6.3257986e-03
  -2.0383345e-03
   1.6256274e-02
   7.3553464e-03
   7.3016401e-03
  -1.5110398e-02
  -3.1796529e-03
  -2.0168511e-03
   1.5509196e-02
  -2.5682197e-03
   1.3917487e-02
  -9.9395530e-03
   2.8773318e-03
   7.6589230e-04
  -1.6078551e-02
   7.8143056e-03
  -1.5036903e-02
  -2.3537114e-03
   2.0924614e-03
   0.0000000e+00
   0.0000000e+00
  -7.0796756e-03
   2.2377828e-02
   1.0367429e-02
   6.6626726e-03
   1.0745553e-03
  -5.8926196e-03
   1.7762009e-02
  -1.1995748e-02
  -2.2685404e-02
   0.0000000e+00
  -4.8592535e-03
  -1.7889799e-02
   5.8674395e-03
   9.5512960e-03
  -9.2883975e-03
   5.5049618e-03
  -2.8142301e-03
  -1.2464302e-02
  -1.5920069e-02
  -1.3371996e-02
  -6.8336352e-05
  -4.1440081e-02
   1.0134384e-02
   2.7461905e-03
  -2.0244325e-02
   2.3263460e-02
  -2.2402752e-02
   2.2542955e-02
   2.2799920e-02
  -6.5303549e-03
  -2.3868814e-02
   5.0725767e-03
  -5.2844935e-03
  -7.3743509e-03
  -1.4119568e-02
  -1.8945481e-02
   7.7673139e-03
  -2.4158084e-02
   1.0118381e-02
  -1.8754986e-02
  -2.6444032e-02
   1.1320440e-02
   2.7417600e-02
  -2.3869920e-03
   3.0957216e-02
   1.0229163e-02
   1.4323572e-03
  -5.7269670e-04
  -3.3712330e-03
  -1.0400209e-02
  -8.6770022e-03
   2.3407223e-03
   2.4893958e-02
   1.9128870e-02
   5.0908440e-03
   2.9866318e-03
  -1.8549512e-02
   7.1806011e-03
  -7.0148364e-05
   5.8056331e-03
  -1.6454910e-02
   6.9243547e-03
  -1.6828600e-02
  -2.1423704e-02
  -7.3160917e-05
  -1.9040650e-03
   2.4045191e-02
   6.4909818e-03
  -1.6921605e-02
   1.9832402e-02
   5.0912286e-03
   1.5504972e-03
  -3.9514587e-03
   6.9750521e-03
  -2.3899913e-03
  -1.4675390e-02
   1.0373095e-02
  -1.0944605e-02
   7.9715725e-03
  -2.3164290e-02
   3.9824824e-03
   1.4705620e-02
  -4.4963142e-03
   2.9997880e-03
   1.1980436e-02
   1.4620246e-02
   6.7135249e-03
   4.4736645e-03
  -4.8081877e-04
  -6.1335088e-03
   6.6829971e-03
  -5.7156785e-03
   5.1661902e-03
  -3.0275947e-03
   5.9090456e-03
  -2.0573317e-03
   2.1258366e-03
  -4.7378809e-03
   1.0318853e-03
   8.4215348e-03
  -5.8121809e-03
  -1.2976438e-02
  -8.5819470e-03
   9.8052956e-04
   1.2592698e-03
   1.6090229e-02
   5.4888646e-03
  -2.3976720e-03
   6.4264937e-03
  -5.4667349e-03
  -4.7976424e-04
   5.8783491e-03
   8.1450257e-03
  -1.4709152e-02
   6.0869456e-03
   1.5090796e-02
   2.8838758e-03
   5.1434601e-03
   7.6328649e-03
  -6.7005259e-03
  -2.9999023e-03
   2.9999023e-03
   1.9949468e-03
  -1.6621792e-03
  -3.8669293e-03
   1.0015023e-03
  -4.2130667e-03
   4.4799647e-03
   3.9949451e-03
   6.4909487e-03
  -6.5574005e-03
   1.5430573e-02
   1.0415405e-02
   1.2548831e-02
   5.7539240e-04
  -1.1511161e-03
   4.3417256e-03
   6.3690213e-04
  -6.3232734e-03
  -7.6540010e-03
   4.5186071e-04
   6.4329588e-03
  -1.3752355e-02
   3.8930753e-03
   1.3188135e-02
  -4.4747020e-04
  -4.5499774e-03
   1.7130358e-02
   4.9127768e-03
   1.1302984e-03
  -2.5764302e-03
   9.7677816e-03
   3.1727297e-03
  -6.0430673e-03
   4.8000591e-03
  -4.3002777e-03
  -3.6917728e-03
   3.7605767e-04
  -2.0064599e-02
  -1.4943917e-02
  -2.5341967e-03
   5.5150180e-03
  -1.3615402e-02
  -1.0152371e-02
   6.0115788e-03
   1.6785164e-02
  -8.5859770e-03
   8.1973005e-03
   4.8476325e-03
   2.9616298e-03
   4.1059915e-03
   6.4456651e-03
   4.4430413e-03
   1.2665442e-04
  -2.5361414e-03
  -7.6472460e-03
   7.7107280e-03
   6.3459832e-04
  -1.2704867e-02
   0.0000000e+00
   0.0000000e+00
   1.8398202e-02
   5.3474381e-03
  -4.3929838e-04
