47.15
47.47
46.85
46.43
45.22
44.65
44.56
44.78
45.3
44.5
44.35
43.76
45.05
45.44
45.44
45.9
44.78
44.22
45.15
45.21
44
43.85
43.75
44.68
44.68
45.75
46.5
45.88
45.85
46.14
46.11
46.38
46.99
46.95
46.95
46.29
46.88
46
47.3
47.37
46.99
47.48
47.39
48.41
47.77
47.6
47.54
46.95
47.85
47.58
48.09
47.95
47.89
48.64
48.67
49.2
49.41
50.4
51.25
51.75
52.6
52.29
52.26
52.26
52.3
52.28
51.74
52.02
52.18
53
53.35
54.22
53.14
53.36
52.39
53.88
53.92
53.71
54.91
55.3
54.52
54.98
54.98
54.45
54.64
55.51
57.62
57.64
56.86
56.59
56.65
56.5
56.5
56.36
56.89
56.65
56.69
57.05
57
56.2
55.46
56.2
56.69
56.2
56.2
54.64
54.15
54.39
55.56
54.03
54
55.4
54.15
54.05
53.73
54
54.48
54.5
54.85
55.25
55.3
55.08
55.72
56
56.95
55.45
55.54
56.09
56
56.35
56.68
56.61
56.61
56.47
57.28
56.44
54.7
53.11
51.05
52
50.37
50
47.93
45.09
45.89
44.58
46.85
47.56
47.45
49.43
48.15
49.94
49.93
50.1
48.36
47.87
49.01
50.82
51.1
50.81
50.26
51.95
51.41
52.19
51.7
51.63
52.74
52.4
52.7
53.01
52.52
51.28
50.4
51
51
49.92
50.5
49.35
49.89
50.35
50.97
51.1
49.55
49.65
50.68
48.95
49.3
47.67
47.52
47
47.2
48.49
48.43
48.49
47.96
50.06
49.9
50.62
50.9
50.13
52.12
51.63
51.46
51.45
52.55
52.48
47.2
45.9
46.39
48
47.88
47.94
46.89
46.97
45.93
46.38
46.85
46.48
46.83
45.7
46.36
45.4
44.82
44.52
44.56
44.31
45.23
45.14
45.97
45.92
46.39
46.08
45.76
45.41
45.11
44.8
46.23
46.23
45.64
45.2
44.9
45.64
45.03
45.4
45.1
46.5
46.75
45.87
45.85
45.73
44.92
44.54
44.12
44.08
44.39
44.23
44.23
44.15
43.47
43.51
43.84
43.84
44.85
44.74
44.92
44.36
44.07
44.53
45.2
45.76
45.73
44.9
45.67
45.1
45.1
44.72
44.55
43.9
42.83
41.79
41.1
40.55
39.2
40.46
40.15
40.33
40.05
39.91
39.53
40.06
39
39.74
39.98
40.8
40.8
41.1
40.67
40.05
40.64
39.82
40.38
39.72
40.26
40.22
39.21
38.37
37.55
37.55
37.7
37.07
37.66
38.05
39.45
39.9
40.99
40.97
41.81
41.53
42.25
40.91
41
40.73
40.86
40.73
40.48
40.39
41.45
41.2
41.9
41.7
41.85
41.67
41.44
41.43
42.41
42.53
39.9
40.4
40.4
40.11
40.41
40
39.91
39.42
40.33
40.83
40.4
40.44
41
40.53
41.02
43.27
42.88
43.99
44.3
44.25
44.25
44.64
43.95
44.11
44.52
44.14
44.53
44.19
44.19
44.66
44.16
44.62
45.57
45.8
46.11
46.59
46.78
46.89
46.87
46.6
46.8
47.45
47.35
48.2
47.2
47
46.12
46.47
46.75
47.17
46.64
46.88
46.51
46.41
46.49
46.38
46.23
46.23
44.95
44.22
43.88
44.01
43.91
44.28
43.99
42.91
44.76
44.9
45
45.09
45.17
44.52
45.04
44.63
44.86
45.38
44.97
44.75
44.89
44.36
44.1
44.78
44.85
44.62
44.65
44.51
45.06
45.01
44.86
44.3
43.89
43.61
43.28
44.07
44.23
43.96
43.83
43.52
43.52
43.78
43.71
44.5
44.15
44.27
44.35
44.95
44.48
43.99
43.5
42.92
43.01
43.6
43.18
43.24
43.42
42.99
43.05
43.03
43.07
42.96
43.89
44.25
44.04
44.41
44.66
44.24
43.93
43.83
44.14
44.55
45.1
45
45.05
45.61
45.79
45.32
45.52
45.4
45.19
45.38
45.85
46
46.4
46.68
46.9
46.98
47.02
46.63
46.62
46.52
47.08
46.93
46.69
46.68
46.5
46.86
46.45
46.42
46.42
46.57
46.69
46.69
46.5
47.02
47.01
47.4
47.16
46.89
47.75
47.76
48.19
48.39
49.37
49.79
50.68
50.17
49.94
50.1
50.16
50.17
49.9
49.9
49.96
50.16
50.52
50.75
50.75
50.35
50.41
50.2
49.88
50.12
49.59
50.01
49.71
49.8
49.73
49.88
49.88
49.93
49.78
49.33
50.04
50.19
49.99
49.39
49.59
49.24
49.61
49.83
49.75
50.38
50.99
52.4
52.17
51.8
51.54
51.14
51.14
51.14
51.24
51
50.94
50.34
49.78
49.65
49.83
49.96
49.62
49.28
49.14
48.83
50.1
49.86
50.18
49.9
48.18
48.45
47.71
48.16
48.88
49.04
48.78
48.25
48.13
48.49
48.76
48.78
49.4
50.23
50.3
50.58
50.93
50.58
50.87
51.08
51.24
51.24
50.85
50.89
51.19
51.2
51.93
53
52.28
52.13
51.46
51.05
50.69
50.71
50.21
50.46
50.57
50.62
50.27
51.09
51.07
50.74
49.93
50.05
49.92
49.61
50
49.81
50.1
49.36
49.63
49.38
49.83
50.39
50.22
51.32
51.35
51.35
51.07
51.94
51.77
52.27
52.71
52.61
51.76
51.63
51.63
51.38
51.23
51.19
51.09
51.39
51.17
51.02
51.3
51.04
50.1
50.39
50.54
50.48
50.36
50.53
50.53
50.66
50.42
50.56
51.02
50.83
50.66
51.16
50.84
50.58
50.34
50.08
49.2
48.97
45.17
44.3
43.75
43.68
43.06
43.86
44.21
44.11
44.2
43.85
43.5
43.22
43.46
44.45
43.84
44.37
44.52
44.33
44.57
44.02
44.21
44.34
44.02
44.34
44.46
44.72
44.35
44.71
44.64
45.35
45.49
45.49
45.65
43.45
43.51
42.96
42.8
42.87
41.16
40.04
40.3
40.44
40.73
40.42
40.02
39.99
39.63
39.99
40.01
40.05
40.31
40.75
40.64
40.9
40.12
40
40.01
39.78
39.39
39.15
39.2
39.24
39.38
39.45
39.48
38.9
38.65
39.3
40.43
40.49
40.66
40.53
40.65
40.85
41.36
41.4
41.28
41.24
41.17
40.96
40.79
40.58
40.25
40.28
40.28
39.73
39.87
39.71
39.8
39.8
39.86
39.71
39.31
39.77
40.42
40.71
40.39
40.16
40.39
40.81
40.53
40.86
41.3
41.47
41.13
40.95
40.95
41
41.58
41.51
41.51
41.65
41.85
41.56
41.65
41.64
41.54
40.96
40.77
41.11
41.16
41.39
41.16
41.16
40.74
40.97
40.97
41.25
41.1
41.33
40.91
40.96
41.24
41.68
41.76
41.49
41.49
41.42
41.92
41.74
42.47
42.49
42.65
42.76
42.5
42.76
42.86
42.65
43.3
43
42.96
42.96
42.79
42.58
42.66
43.02
42.8
43.27
43.04
43.18
43.64
43.72
43.42
43.21
43.07
42.48
42.34
42.24
41.94
42
41.46
41.6
41.4
41.18
41.2
41.2
41.12
41.39
41.95
41.67
41.38
41.47
41.86
41.71
42.12
42.1
41.87
42.33
42.1
42.07
41.29
40.97
42.4
41.88
41.98
42.13
42.68
42.96
42.82
42.69
43.44
43.57
43.76
43.93
44.15
44.19
44.57
44.23
44.27
44.17
44.11
44.26
44.4
44.92
45.25
45.05
44.97
45.02
44.9
44.89
44.93
44.93
44.63
44.59
44.78
44.23
43.97
44.11
43.9
43.65
43.95
43.59
43.73
43.64
43.78
44.05
43.91
43.68
43.43
43.07
42.2
42.33
42.87
42.7
41.75
42.21
42.21
42.4
41.95
41.76
42.73
42.77
42.82
42.93
43.18
43.08
42.93
43.33
43.33
43.95
44.03
43.65
43.69
44.01
44.39
43.76
43.87
44.28
44.67
44.36
44.06
43.67
44.1
43.9
44.11
43.58
43.54
43.3
43.31
43.53
44.39
44.27
44.19
43.83
43.81
43.57
44
43.39
44
43.88
43.9
43.9
44.52
44.65
44.28
44.05
44.25
43.66
43.52
43.63
43.4
43.36
42.9
42.25
42.22
42.35
42.37
42.33
42.87
43.1
43.19
43.21
43.04
42.62
42.71
42.2
41.98
41.66
41.72
41.72
42.07
42.09
41.75
41.8
42.1
41.93
42.4
42.46
42.34
42.15
42.83
42.78
42.65
